 0.00000000e+00 -1.64501484e+00 -1.20902390e-03 2.39752002e+00 -1.69037483e-01 -2.21567281e-01 2.58809630e-01 2.20474281e+00 -3.71564335e-01 -3.20706377e-01 3.78523933e+00 1.16323219e+00 4.19587073e-01 3.60517252e+00 -1.49217537e+00 5.68998063e-01 -6.53523800e-01 3.09363267e+00 7.21186472e-01 5.38537871e-01 1.23327748e-01 6.50800404e-01 -8.44541490e-01 -1.85868960e-01 -7.48263737e-01 9.04949221e-01 3.82938438e-01 1.06052396e-01 -7.54968870e-01 3.22767579e-01 7.54398803e-01 2.59982986e-01 -3.48397802e-01 -6.33351311e-01 -2.99723196e-01 1.30137919e-01 4.10460851e-01 7.59287847e-01 3.48078684e-01 1.86141672e+00 -4.96501314e-02 -1.26179126e-01 -7.69832190e-01 -6.10559307e-01 7.40564016e-01 4.35414734e-02 -4.15856466e-01 -4.41774210e-01 8.67100685e-01 -1.64501484e+00 0.00000000e+00 3.54063995e+00 -7.15366749e-01 -1.11184671e+00 1.69869808e+00 8.83332825e-01 -1.46507843e+00 -1.58177855e+00 1.33653063e+00 2.32045027e-01 -9.87389364e-01 -3.03418141e-01 2.07379712e+00 8.83147279e-01 1.60596275e+00 2.16941872e-01 -9.45968408e-01 -1.92728747e-01 -1.23287197e+00 5.90515353e-02 -5.27529224e-01 -2.41011386e+00 -4.47565558e-01 1.74461050e+00 -1.04155361e+00 -4.82987620e-01 -1.35846070e+00 -4.76636829e-01 5.07686912e-02 -3.56909458e-02 4.87166101e-01 1.20899117e-01 -7.41325252e-01 -1.25451478e+00 2.30885840e+00 -3.30831190e-01 1.55165700e-01 9.58637581e-01 -3.79347133e-01 1.29889612e+00 9.07111241e-01 2.04695231e+00 -1.19887881e+00 -8.75522368e-01 1.53337193e+00 -1.89917474e+00 2.53147721e-01 -1.41949980e+00 -1.20902390e-03 3.54063995e+00 0.00000000e+00 -2.92903548e-01 -1.64124925e+00 -2.59577474e+00 9.00965965e-01 -6.87981616e-01 -7.94663925e-01 -1.30819242e+00 -2.44103086e+00 -2.05580104e-01 -5.27825381e-01 4.16418767e-01 9.48425928e-02 2.55652377e+00 -4.13150921e-01 6.45050385e-01 3.36418993e+00 1.26472876e+00 1.50374937e+00 -6.18934354e-02 -1.26519658e+00 -8.68391362e-01 -7.67338519e-01 6.02251774e-01 -9.31386394e-01 -1.00602695e+00 -2.98796138e-01 5.20730658e-01 -1.02717761e-01 2.07122101e-01 -3.27450762e-02 -4.53824604e-01 3.26612520e-01 -2.40148326e-01 -1.24589964e+00 -7.99981178e-01 -4.72615737e-01 -1.10614979e+00 -6.78597557e-01 -3.42652309e-01 -9.23284248e-01 2.49162381e-01 1.32454063e+00 -2.66643195e+00 -2.96353042e-01 2.78799115e+00 -3.90890282e-01 2.39752002e+00 -7.15366749e-01 -2.92903548e-01 0.00000000e+00 5.43162655e-01 3.21999797e-01 3.91945840e-01 1.00470234e+00 3.27017466e-01 -6.56515770e-01 9.71714138e-01 1.37433551e-01 3.65623589e-01 1.62188481e-01 -3.94574115e-01 -1.00939537e+00 -1.46736298e+00 4.06282141e-01 1.96896018e+00 1.34227956e+00 -8.02773033e-01 8.95739743e-01 2.04076269e+00 -5.23338275e-01 -8.45516640e-01 -3.69055029e-01 5.58691716e-01 -6.10132675e-01 -7.90999226e-01 1.30977185e+00 -1.78244405e+00 -7.29076005e-01 3.32066054e-01 -8.04902728e-01 -6.89667554e-01 4.98901639e-01 3.19893384e-01 -3.92927994e-01 8.50836061e-01 -3.41791388e-01 3.43348121e-01 5.14532300e-01 -1.95676826e+00 -6.38561320e-01 -1.37279370e+00 1.20621483e+00 -2.40681797e-01 1.29102196e+00 -3.04410618e-01 -1.69037483e-01 -1.11184671e+00 -1.64124925e+00 5.43162655e-01 0.00000000e+00 -2.74692861e+00 6.45166409e-01 8.77113276e-01 7.33606247e-01 -5.09889171e-01 -1.26246759e+00 2.05499920e-02 -2.02232019e+00 1.08779962e+00 2.51465133e+00 -1.48603597e+00 1.70822375e+00 -3.52567364e-01 8.15482553e-01 1.47246655e+00 -3.99617271e-01 2.48790702e+00 -4.22596526e-01 -5.70843033e-01 3.30632729e-02 -1.46431811e+00 -4.68513260e-01 7.36772949e-02 9.07114042e-01 -4.22029057e-01 1.52044603e-01 9.57006122e-01 -3.34826215e-01 -2.25764329e-01 -1.06368172e+00 -6.65757448e-01 -2.27639471e-01 1.20204989e+00 1.54840740e-01 -9.35818790e-01 6.04401935e-02 -5.57770301e-01 -4.38355499e-01 -1.11369777e+00 -4.66108592e-01 -4.06748482e-01 1.71811449e+00 -2.24048062e-02 -4.53493476e-01 -2.21567281e-01 1.69869808e+00 -2.59577474e+00 3.21999797e-01 -2.74692861e+00 0.00000000e+00 1.75189295e+00 -2.42492861e+00 1.80074675e+00 -1.65102661e+00 5.17728346e-01 1.67054809e+00 -5.77042466e-01 1.11612841e+00 -9.47885560e-01 -1.61004082e+00 2.69376637e+00 6.82386077e-01 9.90320389e-02 1.64562762e+00 2.08996155e+00 5.99659690e-01 2.17291630e+00 1.29008432e+00 8.54282535e-01 7.58746767e-01 -1.19964219e+00 -1.02283001e+00 -1.55979265e+00 9.02281876e-01 3.98070718e-01 -6.77243792e-01 -9.56957301e-01 1.01331121e+00 5.91485521e-02 -1.92975857e+00 -2.12556991e+00 -1.20300556e+00 3.46721569e-01 3.50645440e-03 8.02089164e-01 1.09728618e+00 -1.70431557e+00 -9.83265455e-01 -1.53547518e-01 -1.79053056e-01 -3.47717603e-01 4.75750064e-01 5.08442978e-01 2.58809630e-01 8.83332825e-01 9.00965965e-01 3.91945840e-01 6.45166409e-01 1.75189295e+00 0.00000000e+00 1.23111282e+00 1.19380916e+00 1.06495576e+00 -4.31308157e-01 8.91391586e-01 2.44041115e+00 5.62061807e-01 -1.94348651e+00 4.96301960e-01 -1.11667185e+00 -6.86306502e-01 -3.77499476e-01 -9.44320434e-01 -1.48823321e+00 2.16449825e+00 7.91468509e-01 -2.79218123e+00 -3.27682505e-02 -1.78268313e-01 -3.22788196e-01 -2.86101192e-01 -3.90312154e-01 5.64575139e-01 3.85454085e-01 8.69563980e-01 -9.49226583e-01 -2.09559646e+00 2.57703188e-01 8.39975573e-01 -6.05560264e-01 4.49189827e-01 3.66593876e-01 1.41805166e+00 -1.16013075e+00 -1.46257818e+00 1.64771975e+00 -2.24585244e+00 1.05064472e+00 3.98270018e-01 -4.46526492e-01 -9.54197542e-01 1.03169970e-03 2.20474281e+00 -1.46507843e+00 -6.87981616e-01 1.00470234e+00 8.77113276e-01 -2.42492861e+00 1.23111282e+00 0.00000000e+00 -9.71485070e-01 6.33171332e-02 -4.72243572e-02 -2.10420872e+00 8.77103689e-01 2.09930890e+00 -5.94978822e-01 2.99959300e-01 4.62421121e-01 -9.24975904e-01 -4.21086031e-01 1.95793567e-01 -2.64540276e+00 -2.57260443e+00 -7.34573700e-01 5.30114776e-02 6.03151233e-01 -2.69044659e-01 -6.74654204e-01 6.39548750e-01 1.98646704e+00 1.34231596e+00 -3.72033848e-01 8.97702401e-01 -7.95358599e-01 -8.86254787e-01 6.60533220e-01 9.18640799e-01 -4.87381318e-01 9.32407996e-01 -2.90716089e-01 -1.46676350e+00 -1.70838763e-01 2.38499065e-01 -7.31837793e-01 1.10589814e+00 -9.44754151e-02 1.38099716e-01 -1.21656953e+00 -5.23176074e-01 1.30631290e+00 -3.71564335e-01 -1.58177855e+00 -7.94663925e-01 3.27017466e-01 7.33606247e-01 1.80074675e+00 1.19380916e+00 -9.71485070e-01 0.00000000e+00 2.29775719e-01 4.34380283e-01 -9.03482108e-01 9.67885770e-03 -1.02710739e+00 -7.58974578e-01 -4.39502686e-01 -6.93970315e-01 7.97895201e-01 1.44631972e+00 1.91731587e+00 -1.76324381e+00 -6.01020467e-01 -2.62661191e+00 -1.38511601e+00 1.28148678e-01 -2.42016268e+00 -7.69655408e-02 1.96217425e-01 -2.50784452e-01 1.25098372e+00 -1.54594327e-01 8.97306414e-01 1.39078681e+00 6.80962766e+00 1.32521524e-01 9.89885403e-01 -6.75993442e-01 -5.04957017e-01 -2.86925956e-01 2.20294118e-01 -1.97676072e+00 1.17091442e+00 2.52526731e+00 -1.43564172e-01 -1.79465472e+00 -2.27228570e+00 -1.37274263e+00 1.64911275e+00 8.36652432e-01 -3.20706377e-01 1.33653063e+00 -1.30819242e+00 -6.56515770e-01 -5.09889171e-01 -1.65102661e+00 1.06495576e+00 6.33171332e-02 2.29775719e-01 0.00000000e+00 3.40201144e-01 1.02497091e+00 3.91821217e+00 -1.56135164e+00 -1.93560212e+00 -8.37772459e-01 7.72315046e-01 -7.65978162e-01 1.34940378e+00 1.32972487e+00 1.02099964e-01 8.91648475e-01 2.63944314e+00 2.57384561e+00 6.93232136e-01 -1.71076422e+00 1.26194991e+00 2.32326672e-01 -1.44344909e-01 -3.99729218e-01 -2.04240747e+00 -2.05287776e-01 -3.12800644e+00 -4.80819184e-01 -1.50223734e-01 4.89907595e-01 -1.07240244e+00 1.67401943e-02 -1.04007493e+00 -1.17064658e-01 1.10016464e+00 -1.36623477e+00 -2.07347337e+00 5.49425952e-02 9.05697934e-01 -1.89440246e+00 -1.40620214e+00 -9.91856573e-01 8.78303906e-01 3.78523933e+00 2.32045027e-01 -2.44103086e+00 9.71714138e-01 -1.26246759e+00 5.17728346e-01 -4.31308157e-01 -4.72243572e-02 4.34380283e-01 3.40201144e-01 0.00000000e+00 8.81489453e-01 2.98663041e-01 5.91258416e-01 1.04723552e-01 -6.85477500e-01 -1.01065924e+00 9.70077266e-01 9.04333673e-01 6.17286268e-01 -1.22090009e+00 -1.38710515e+00 -9.80652544e-01 5.71464789e-01 -2.95731965e-01 -1.81118735e-03 -1.00748728e+00 -5.61004203e-01 9.95359351e-01 5.49888257e-01 6.98363277e-01 -4.93489718e-02 2.37344675e-01 -2.84682911e-01 -1.93160533e-01 -1.12851479e+00 2.49225990e-02 -2.94928798e-02 4.00596821e-01 -5.85857876e-01 9.53275327e-01 4.72128162e-01 1.96512018e+00 -5.36864289e-01 1.06448140e+00 3.05597646e-01 -5.73362209e-01 1.29239028e+00 -6.86054585e-01 1.16323219e+00 -9.87389364e-01 -2.05580104e-01 1.37433551e-01 2.05499920e-02 1.67054809e+00 8.91391586e-01 -2.10420872e+00 -9.03482108e-01 1.02497091e+00 8.81489453e-01 0.00000000e+00 1.01065685e+00 -9.37850446e-01 2.38675140e+00 1.37950219e+00 9.06162593e-01 2.41177130e-01 -1.49783016e+00 -1.62156912e+00 -6.84920909e-01 -1.00820040e+00 -4.23949133e-01 -8.21011427e-01 -2.27019869e-01 3.16803363e-02 -7.19600092e-01 7.73759786e-01 -1.43042051e+00 -6.78847399e-01 -9.26114487e-01 1.61451359e+00 1.31584075e+00 -2.43452086e-01 -1.52796121e+00 -7.04844787e-01 2.94159236e-01 1.98591062e-01 -1.69827820e-01 1.11126944e+00 -7.21705282e-01 -2.82970120e-01 -1.42816429e+00 -4.73588167e-01 9.13012016e-01 7.99619691e-01 -2.84268248e-01 8.96295473e-01 -5.78660524e-01 4.19587073e-01 -3.03418141e-01 -5.27825381e-01 3.65623589e-01 -2.02232019e+00 -5.77042466e-01 2.44041115e+00 8.77103689e-01 9.67885770e-03 3.91821217e+00 2.98663041e-01 1.01065685e+00 0.00000000e+00 1.53057979e-01 7.90544975e-01 1.02488803e-01 -8.45391426e-02 -3.25446791e-01 -3.29648376e+00 -5.90304926e-01 -1.59724556e-01 1.25009675e+00 -5.07056723e-01 3.46765852e-01 3.56490281e-01 -1.36630704e+00 -1.05554416e+00 -4.15637179e-01 -4.75026136e-01 2.09466597e+00 6.09387621e-01 -1.26458652e+00 1.70314120e+00 4.87185217e-01 1.74448596e-01 9.50803030e-01 3.43034444e-01 -1.36372441e-01 -1.03250705e+00 -8.46743098e-01 -1.01790690e+00 1.06387654e+00 2.01909360e-01 -2.87412163e-01 -5.97695012e-02 -4.19920013e-01 9.22604828e-01 -8.70450463e-01 -1.18125459e+00 3.60517252e+00 2.07379712e+00 4.16418767e-01 1.62188481e-01 1.08779962e+00 1.11612841e+00 5.62061807e-01 2.09930890e+00 -1.02710739e+00 -1.56135164e+00 5.91258416e-01 -9.37850446e-01 1.53057979e-01 0.00000000e+00 1.00960195e+00 -4.85147157e-01 2.39278891e-01 2.90691457e+00 -1.59999039e+00 -1.22798298e+00 1.39444582e-01 2.23208189e+00 6.26640959e-02 1.91759640e+00 -5.76742260e-01 -1.87923969e-01 -3.73843265e-01 -4.67424140e-03 -8.62381152e-01 -1.31819748e-01 6.07448308e-01 -1.06582297e+00 -3.26559364e-01 8.77070258e-01 -9.53959322e-01 4.40418061e-01 -1.37969836e-01 -5.75470157e-01 -6.25737141e-01 -4.44525725e-01 -1.78349100e-01 -9.90380244e-01 1.01031121e-01 -7.70373701e-01 1.89194059e-01 -9.75582227e-02 2.22455408e+00 -2.56736681e-01 4.64245645e-01 -1.49217537e+00 8.83147279e-01 9.48425928e-02 -3.94574115e-01 2.51465133e+00 -9.47885560e-01 -1.94348651e+00 -5.94978822e-01 -7.58974578e-01 -1.93560212e+00 1.04723552e-01 2.38675140e+00 7.90544975e-01 1.00960195e+00 0.00000000e+00 -4.65051779e-01 -3.74215489e-01 2.29120097e-03 -1.54550793e+00 1.33170428e+00 -2.64012267e+00 -2.52406793e-01 2.22587813e+00 -6.81123869e-02 3.86711903e-01 5.94664067e-01 1.54662321e+00 -3.16165938e-01 -1.20093241e+00 -4.48759472e-01 1.23762417e+00 -4.31227874e-01 2.22429470e+00 -1.94009310e-01 2.22707292e+00 4.27220434e-01 -1.56180938e+00 8.93986154e-01 -6.93400411e-01 8.58282409e-01 -1.68738439e-01 -2.79174884e-01 7.34568912e-01 -8.34190020e-01 9.21503582e-01 -6.46436121e-01 5.08050038e-01 -9.90904746e-02 9.34247245e-01 5.68998063e-01 1.60596275e+00 2.55652377e+00 -1.00939537e+00 -1.48603597e+00 -1.61004082e+00 4.96301960e-01 2.99959300e-01 -4.39502686e-01 -8.37772459e-01 -6.85477500e-01 1.37950219e+00 1.02488803e-01 -4.85147157e-01 -4.65051779e-01 0.00000000e+00 5.04771343e-01 5.98566215e-01 1.03096116e+00 -5.39929809e-02 1.12878009e-01 1.70672693e+00 5.64690324e-01 1.67365069e+00 -2.58130492e-01 5.05869600e-01 -1.46533603e+00 -3.01331418e-01 -1.15436645e-01 -6.30166964e-01 -4.58206090e-01 -5.74858497e-01 4.40495023e-01 -3.99011342e-01 -9.72837151e-01 1.02955560e-01 -4.05704030e-01 -1.43806583e-01 1.18447049e+00 1.80814523e+00 4.72781263e-01 -5.48007971e-01 -1.86341614e+00 -1.78046707e-01 -1.09993846e+00 3.10940049e+00 -1.06927866e-01 9.12384484e-02 5.10309800e-01 -6.53523800e-01 2.16941872e-01 -4.13150921e-01 -1.46736298e+00 1.70822375e+00 2.69376637e+00 -1.11667185e+00 4.62421121e-01 -6.93970315e-01 7.72315046e-01 -1.01065924e+00 9.06162593e-01 -8.45391426e-02 2.39278891e-01 -3.74215489e-01 5.04771343e-01 0.00000000e+00 -1.09872834e+00 1.72399870e+00 2.81000606e-01 -8.36160656e-01 1.77127349e+00 -1.15030385e+00 -6.24138474e-01 -2.71953173e+00 1.31152809e+00 -1.44025394e+00 -5.35764644e-01 1.18806360e+00 1.15060970e+00 1.53120333e+00 -6.55534693e-01 -3.96364758e-02 5.95315290e-02 -5.32828607e-01 1.49613276e-01 1.32796041e+00 9.57911087e-01 5.85159463e-01 -1.59230553e+00 2.22290543e+00 -4.58708026e-01 6.00279688e-02 -1.02986881e-01 -1.61953301e+00 1.45341017e+00 1.10035310e+00 3.65897868e-01 1.04796842e+00 3.09363267e+00 -9.45968408e-01 6.45050385e-01 4.06282141e-01 -3.52567364e-01 6.82386077e-01 -6.86306502e-01 -9.24975904e-01 7.97895201e-01 -7.65978162e-01 9.70077266e-01 2.41177130e-01 -3.25446791e-01 2.90691457e+00 2.29120097e-03 5.98566215e-01 -1.09872834e+00 0.00000000e+00 1.25430298e+00 -8.98659517e-01 1.13259410e+00 2.32521079e+00 -8.98198682e-01 -1.16524135e+00 -1.01377824e-01 -2.30455842e+00 3.84060294e-01 -3.98323850e-01 1.62900749e-01 -1.11611112e+00 -4.37247973e-01 1.62835522e+00 -1.80341233e-01 -6.50549118e-01 7.61593445e-01 -2.09566814e-01 7.84057733e-02 2.54079212e+00 -1.36958093e+00 -3.41601443e-01 2.09534019e-01 1.97033782e-02 -1.47914259e-01 -1.18528649e-01 -1.06597945e+00 -3.72699427e-01 -5.67879476e-01 -1.31330948e+00 -1.12108177e+00 7.21186472e-01 -1.92728747e-01 3.36418993e+00 1.96896018e+00 8.15482553e-01 9.90320389e-02 -3.77499476e-01 -4.21086031e-01 1.44631972e+00 1.34940378e+00 9.04333673e-01 -1.49783016e+00 -3.29648376e+00 -1.59999039e+00 -1.54550793e+00 1.03096116e+00 1.72399870e+00 1.25430298e+00 0.00000000e+00 -2.67920519e+00 -1.71804705e-01 -1.19625803e+00 2.26603719e+00 -2.11755789e-01 -6.47392406e-01 -6.47877063e-01 -9.16677969e-01 3.48728969e-01 3.34022275e-01 -2.60102614e-02 3.97171161e-01 2.04816597e+00 5.84505118e-01 -9.38726812e-01 3.66006118e-01 3.04521019e-01 -1.29752296e+00 -6.70047421e-01 -1.10830246e+00 -4.04752704e-01 1.73346677e-01 -1.00007856e-02 -1.79276556e-01 -1.35153331e-01 5.16224830e-01 7.57742489e-01 9.74563552e-01 -1.07354221e+00 -3.82897531e-01 5.38537871e-01 -1.23287197e+00 1.26472876e+00 1.34227956e+00 1.47246655e+00 1.64562762e+00 -9.44320434e-01 1.95793567e-01 1.91731587e+00 1.32972487e+00 6.17286268e-01 -1.62156912e+00 -5.90304926e-01 -1.22798298e+00 1.33170428e+00 -5.39929809e-02 2.81000606e-01 -8.98659517e-01 -2.67920519e+00 0.00000000e+00 1.50695297e+00 -1.44292433e+00 2.63154745e-01 -7.45022339e-01 -1.32996687e+00 2.19378313e-01 -2.38172591e+00 -5.15842757e-01 -8.27063146e-01 4.43779725e-01 -1.16949051e+00 1.89698065e+00 -8.27641899e-01 -8.52682156e-01 8.92932017e-01 2.77696900e+00 7.10428536e-01 1.98166664e-01 1.80817498e+00 2.01240366e+00 -1.88590818e+00 -1.26513093e+00 -1.55168643e+00 5.35530151e-01 6.03769602e-01 1.85797131e+00 1.27324182e+00 -4.11652517e-01 -1.26633884e+00 1.23327748e-01 5.90515353e-02 1.50374937e+00 -8.02773033e-01 -3.99617271e-01 2.08996155e+00 -1.48823321e+00 -2.64540276e+00 -1.76324381e+00 1.02099964e-01 -1.22090009e+00 -6.84920909e-01 -1.59724556e-01 1.39444582e-01 -2.64012267e+00 1.12878009e-01 -8.36160656e-01 1.13259410e+00 -1.71804705e-01 1.50695297e+00 0.00000000e+00 -2.00200977e+00 6.86996331e-01 -2.82214218e-01 8.11409845e-02 -4.93904774e-01 1.15323659e+00 9.50739752e-01 8.34559532e-01 1.54170413e+00 7.22710191e-01 -1.28972444e+00 -8.78707767e-01 -2.87465524e-01 1.72521995e+00 1.42602423e+00 -1.74724053e+00 1.70730056e+00 -2.16277306e-01 3.46567438e-01 -1.70657479e+00 -8.80903788e-01 2.21814028e+00 -1.18738703e+00 1.41939410e+00 5.15615340e-01 8.55471610e-01 -1.29149368e+00 4.90439518e-01 6.50800404e-01 -5.27529224e-01 -6.18934354e-02 8.95739743e-01 2.48790702e+00 5.99659690e-01 2.16449825e+00 -2.57260443e+00 -6.01020467e-01 8.91648475e-01 -1.38710515e+00 -1.00820040e+00 1.25009675e+00 2.23208189e+00 -2.52406793e-01 1.70672693e+00 1.77127349e+00 2.32521079e+00 -1.19625803e+00 -1.44292433e+00 -2.00200977e+00 0.00000000e+00 1.27981569e-01 -1.38744703e+00 9.42086433e-01 2.07527703e+00 8.30827976e-01 8.53544017e-03 -7.46309090e-01 -4.13872262e-01 -1.96516472e+00 1.02765226e+00 2.31742380e-01 6.95512980e-01 1.97312471e+00 9.58167470e-01 -4.30336327e-01 1.41073832e+00 5.85858304e-02 -1.40945846e-02 -8.73729593e-01 -1.76602075e-01 1.02197456e+00 4.55655967e-01 7.67823587e-01 1.66405911e-01 -5.25744833e-01 -5.15579315e-02 9.54469695e-01 -8.44541490e-01 -2.41011386e+00 -1.26519658e+00 2.04076269e+00 -4.22596526e-01 2.17291630e+00 7.91468509e-01 -7.34573700e-01 -2.62661191e+00 2.63944314e+00 -9.80652544e-01 -4.23949133e-01 -5.07056723e-01 6.26640959e-02 2.22587813e+00 5.64690324e-01 -1.15030385e+00 -8.98198682e-01 2.26603719e+00 2.63154745e-01 6.86996331e-01 1.27981569e-01 0.00000000e+00 9.21071979e-01 9.99441524e-01 -5.15854660e-01 -8.93878525e-01 6.75211432e-01 -1.40866320e+00 -4.72961909e-01 1.21811411e+00 1.70902675e-01 4.36312418e-01 -5.44504228e-03 -8.68233779e-01 -5.74160173e-01 -1.97141209e-01 6.54136859e-01 1.13748917e+00 3.94939840e-01 -6.18071453e-01 7.63087326e-02 3.99864607e-01 1.04367322e-01 -1.55385528e+00 2.59821985e-01 1.33248777e+00 -6.02824319e-01 8.91134221e-01 -1.85868960e-01 -4.47565558e-01 -8.68391362e-01 -5.23338275e-01 -5.70843033e-01 1.29008432e+00 -2.79218123e+00 5.30114776e-02 -1.38511601e+00 2.57384561e+00 5.71464789e-01 -8.21011427e-01 3.46765852e-01 1.91759640e+00 -6.81123869e-02 1.67365069e+00 -6.24138474e-01 -1.16524135e+00 -2.11755789e-01 -7.45022339e-01 -2.82214218e-01 -1.38744703e+00 9.21071979e-01 0.00000000e+00 9.38359930e-01 -1.36600374e+00 8.30588780e-01 -3.78546401e-01 -5.36873111e-01 -8.29632921e-01 -1.46432932e+00 1.35940014e-01 8.82359925e-01 -5.68786928e-01 -8.62790729e-01 6.61803671e-01 -1.95322771e-01 -7.99043276e-01 9.43258271e-01 -6.96726227e-01 2.73288570e-01 1.79134944e+00 1.06677575e+00 1.14069837e+00 1.22841150e+00 -2.91773506e-01 -1.24733457e+00 3.71937702e-01 1.38453834e+00 -7.48263737e-01 1.74461050e+00 -7.67338519e-01 -8.45516640e-01 3.30632729e-02 8.54282535e-01 -3.27682505e-02 6.03151233e-01 1.28148678e-01 6.93232136e-01 -2.95731965e-01 -2.27019869e-01 3.56490281e-01 -5.76742260e-01 3.86711903e-01 -2.58130492e-01 -2.71953173e+00 -1.01377824e-01 -6.47392406e-01 -1.32996687e+00 8.11409845e-02 9.42086433e-01 9.99441524e-01 9.38359930e-01 0.00000000e+00 1.83887537e+00 7.66384874e-02 -9.34879183e-02 1.68823053e+00 1.62853325e-02 2.55449679e+00 1.90096317e+00 -9.19898470e-01 9.80775881e-01 -4.18303666e-01 1.10754077e+00 2.06901686e+00 3.72625527e-01 -1.74756624e-01 -5.95511177e-02 -1.28100341e-01 -4.45712148e-01 6.06973292e-01 3.24593648e-01 1.69459522e-01 -6.90716923e-01 1.97290688e-01 -1.10212845e+00 6.49786707e-01 9.04949221e-01 -1.04155361e+00 6.02251774e-01 -3.69055029e-01 -1.46431811e+00 7.58746767e-01 -1.78268313e-01 -2.69044659e-01 -2.42016268e+00 -1.71076422e+00 -1.81118735e-03 3.16803363e-02 -1.36630704e+00 -1.87923969e-01 5.94664067e-01 5.05869600e-01 1.31152809e+00 -2.30455842e+00 -6.47877063e-01 2.19378313e-01 -4.93904774e-01 2.07527703e+00 -5.15854660e-01 -1.36600374e+00 1.83887537e+00 0.00000000e+00 -7.41314017e-01 1.21516234e-01 2.65907068e-01 1.52858905e+00 -9.47186655e-01 -2.59092516e-01 -6.47045757e-01 -7.06225456e-01 1.14799220e+00 1.36590828e+00 -2.41013932e+00 -1.04144157e+00 -6.89440206e-02 -1.12687074e+00 7.04779138e-01 -5.76512655e-01 -3.07659024e-01 8.87313877e-01 -9.65398750e-01 -5.05400916e-01 1.24716870e+00 -9.93089970e-01 -1.28721516e+00 3.82938438e-01 -4.82987620e-01 -9.31386394e-01 5.58691716e-01 -4.68513260e-01 -1.19964219e+00 -3.22788196e-01 -6.74654204e-01 -7.69655408e-02 1.26194991e+00 -1.00748728e+00 -7.19600092e-01 -1.05554416e+00 -3.73843265e-01 1.54662321e+00 -1.46533603e+00 -1.44025394e+00 3.84060294e-01 -9.16677969e-01 -2.38172591e+00 1.15323659e+00 8.30827976e-01 -8.93878525e-01 8.30588780e-01 7.66384874e-02 -7.41314017e-01 0.00000000e+00 -1.38825899e+00 -1.11935959e+00 5.64379099e-01 -1.75252381e+00 -1.37752435e-01 -6.12415011e-01 4.00868015e-01 -1.16705432e-01 2.38525086e+00 1.12246221e+00 1.03335587e+00 1.29220022e+00 -7.80851060e-01 1.57829518e+00 -1.76588036e+00 -1.32266435e+00 5.65763445e-01 -9.76631955e-01 6.79489366e-01 4.53492261e-01 -1.53540201e+00 -4.37961209e-02 1.06052396e-01 -1.35846070e+00 -1.00602695e+00 -6.10132675e-01 7.36772949e-02 -1.02283001e+00 -2.86101192e-01 6.39548750e-01 1.96217425e-01 2.32326672e-01 -5.61004203e-01 7.73759786e-01 -4.15637179e-01 -4.67424140e-03 -3.16165938e-01 -3.01331418e-01 -5.35764644e-01 -3.98323850e-01 3.48728969e-01 -5.15842757e-01 9.50739752e-01 8.53544017e-03 6.75211432e-01 -3.78546401e-01 -9.34879183e-02 1.21516234e-01 -1.38825899e+00 0.00000000e+00 3.23488589e-01 -8.80373922e-01 -2.71742357e-01 -7.78760488e-01 -2.58490403e-01 -2.16287277e-01 -2.12034136e-02 1.50659038e+00 -8.07108164e-01 3.14439684e-01 -2.69987357e-02 2.78009786e-01 -1.39879548e-01 5.33335004e-01 -7.28672270e-03 -2.54117897e-01 9.45347110e-01 1.97783127e-01 -1.28870401e-01 2.18802669e+00 9.47539695e-02 -7.54968870e-01 -4.76636829e-01 -2.98796138e-01 -7.90999226e-01 9.07114042e-01 -1.55979265e+00 -3.90312154e-01 1.98646704e+00 -2.50784452e-01 -1.44344909e-01 9.95359351e-01 -1.43042051e+00 -4.75026136e-01 -8.62381152e-01 -1.20093241e+00 -1.15436645e-01 1.18806360e+00 1.62900749e-01 3.34022275e-01 -8.27063146e-01 8.34559532e-01 -7.46309090e-01 -1.40866320e+00 -5.36873111e-01 1.68823053e+00 2.65907068e-01 -1.11935959e+00 3.23488589e-01 0.00000000e+00 -1.30053992e+00 -1.60166910e+00 -1.13229231e+00 -1.15171595e-02 8.70791327e-02 -2.44921231e-01 3.19084062e-01 2.54236770e-02 -9.70043746e-01 -9.12424612e-01 2.95316934e+00 -1.36515978e+00 2.78610538e-01 -1.71091941e+00 -9.60284441e-01 6.93879324e-01 6.42645100e-01 8.10370255e-01 -4.29145399e-01 7.27348051e-01 3.22767579e-01 5.07686912e-02 5.20730658e-01 1.30977185e+00 -4.22029057e-01 9.02281876e-01 5.64575139e-01 1.34231596e+00 1.25098372e+00 -3.99729218e-01 5.49888257e-01 -6.78847399e-01 2.09466597e+00 -1.31819748e-01 -4.48759472e-01 -6.30166964e-01 1.15060970e+00 -1.11611112e+00 -2.60102614e-02 4.43779725e-01 1.54170413e+00 -4.13872262e-01 -4.72961909e-01 -8.29632921e-01 1.62853325e-02 1.52858905e+00 5.64379099e-01 -8.80373922e-01 -1.30053992e+00 0.00000000e+00 7.62210102e-01 -2.02116637e-01 9.98013939e-01 7.68058768e-01 -8.37285725e-01 -1.16562886e+00 8.10898484e-02 -1.85833357e+00 -1.24950185e+00 2.27120349e-01 8.12098910e-01 -1.12192482e+00 1.62766106e+00 9.33846803e-01 -2.19564012e-01 1.71196684e+00 2.68083700e+00 -2.79539048e-01 -1.59129571e-01 7.54398803e-01 -3.56909458e-02 -1.02717761e-01 -1.78244405e+00 1.52044603e-01 3.98070718e-01 3.85454085e-01 -3.72033848e-01 -1.54594327e-01 -2.04240747e+00 6.98363277e-01 -9.26114487e-01 6.09387621e-01 6.07448308e-01 1.23762417e+00 -4.58206090e-01 1.53120333e+00 -4.37247973e-01 3.97171161e-01 -1.16949051e+00 7.22710191e-01 -1.96516472e+00 1.21811411e+00 -1.46432932e+00 2.55449679e+00 -9.47186655e-01 -1.75252381e+00 -2.71742357e-01 -1.60166910e+00 7.62210102e-01 0.00000000e+00 3.00155702e-01 -1.49784970e-01 -8.26291551e-01 6.27558982e-01 1.04578254e+00 3.44176727e-01 5.84579354e-01 1.97810072e-01 -3.78216042e-01 -8.48453207e-01 2.84882283e-01 -2.70441540e+00 -5.10589489e-01 -2.02801746e-01 -7.69722178e-01 4.24445086e-01 9.40377227e-01 5.08172359e-01 2.59982986e-01 4.87166101e-01 2.07122101e-01 -7.29076005e-01 9.57006122e-01 -6.77243792e-01 8.69563980e-01 8.97702401e-01 8.97306414e-01 -2.05287776e-01 -4.93489718e-02 1.61451359e+00 -1.26458652e+00 -1.06582297e+00 -4.31227874e-01 -5.74858497e-01 -6.55534693e-01 1.62835522e+00 2.04816597e+00 1.89698065e+00 -1.28972444e+00 1.02765226e+00 1.70902675e-01 1.35940014e-01 1.90096317e+00 -2.59092516e-01 -1.37752435e-01 -7.78760488e-01 -1.13229231e+00 -2.02116637e-01 3.00155702e-01 0.00000000e+00 -1.37711813e+00 1.35410148e-01 -7.64973233e-01 -2.77901243e-01 8.41637672e-01 -1.68463411e+00 -4.85042024e-01 -1.09196285e+00 9.53139682e-02 -6.38412579e-01 -2.92262626e-01 1.00011140e+00 1.07444154e+00 1.33764948e-01 -1.82378384e+00 6.95267512e-01 4.65660218e-01 -3.48397802e-01 1.20899117e-01 -3.27450762e-02 3.32066054e-01 -3.34826215e-01 -9.56957301e-01 -9.49226583e-01 -7.95358599e-01 1.39078681e+00 -3.12800644e+00 2.37344675e-01 1.31584075e+00 1.70314120e+00 -3.26559364e-01 2.22429470e+00 4.40495023e-01 -3.96364758e-02 -1.80341233e-01 5.84505118e-01 -8.27641899e-01 -8.78707767e-01 2.31742380e-01 4.36312418e-01 8.82359925e-01 -9.19898470e-01 -6.47045757e-01 -6.12415011e-01 -2.58490403e-01 -1.15171595e-02 9.98013939e-01 -1.49784970e-01 -1.37711813e+00 0.00000000e+00 5.41962306e-01 1.92228745e-01 1.42205045e+00 -2.15617173e-01 1.66785829e-01 4.03101528e-01 -3.15561165e-01 7.41546761e-01 -4.15457210e-01 -1.41904394e+00 7.68050633e-01 2.11455627e+00 1.57260600e-01 -2.71600240e-01 -3.28847064e-01 1.44095685e+00 -6.33351311e-01 -7.41325252e-01 -4.53824604e-01 -8.04902728e-01 -2.25764329e-01 1.01331121e+00 -2.09559646e+00 -8.86254787e-01 6.80962766e+00 -4.80819184e-01 -2.84682911e-01 -2.43452086e-01 4.87185217e-01 8.77070258e-01 -1.94009310e-01 -3.99011342e-01 5.95315290e-02 -6.50549118e-01 -9.38726812e-01 -8.52682156e-01 -2.87465524e-01 6.95512980e-01 -5.44504228e-03 -5.68786928e-01 9.80775881e-01 -7.06225456e-01 4.00868015e-01 -2.16287277e-01 8.70791327e-02 7.68058768e-01 -8.26291551e-01 1.35410148e-01 5.41962306e-01 0.00000000e+00 3.21262413e-01 8.48390511e-01 -1.50699952e+00 1.42324039e+00 6.69576271e-01 1.12458846e+00 9.65654073e-01 -1.01525452e+00 -4.13364283e+00 -7.35517972e-01 -1.42161448e-01 1.98649362e+00 -1.50172695e+00 -1.51964889e+00 -5.20651543e-01 -2.99723196e-01 -1.25451478e+00 3.26612520e-01 -6.89667554e-01 -1.06368172e+00 5.91485521e-02 2.57703188e-01 6.60533220e-01 1.32521524e-01 -1.50223734e-01 -1.93160533e-01 -1.52796121e+00 1.74448596e-01 -9.53959322e-01 2.22707292e+00 -9.72837151e-01 -5.32828607e-01 7.61593445e-01 3.66006118e-01 8.92932017e-01 1.72521995e+00 1.97312471e+00 -8.68233779e-01 -8.62790729e-01 -4.18303666e-01 1.14799220e+00 -1.16705432e-01 -2.12034136e-02 -2.44921231e-01 -8.37285725e-01 6.27558982e-01 -7.64973233e-01 1.92228745e-01 3.21262413e-01 0.00000000e+00 1.32642255e+00 9.83517327e-01 1.02805161e+00 5.45890646e-01 1.10039957e-01 1.45029022e+00 -1.17213980e+00 6.88299872e-01 -1.78580390e-01 -3.58677045e-01 8.95559945e-01 -1.71895335e+00 9.41019156e-01 -3.92189343e-01 1.30137919e-01 2.30885840e+00 -2.40148326e-01 4.98901639e-01 -6.65757448e-01 -1.92975857e+00 8.39975573e-01 9.18640799e-01 9.89885403e-01 4.89907595e-01 -1.12851479e+00 -7.04844787e-01 9.50803030e-01 4.40418061e-01 4.27220434e-01 1.02955560e-01 1.49613276e-01 -2.09566814e-01 3.04521019e-01 2.77696900e+00 1.42602423e+00 9.58167470e-01 -5.74160173e-01 6.61803671e-01 1.10754077e+00 1.36590828e+00 2.38525086e+00 1.50659038e+00 3.19084062e-01 -1.16562886e+00 1.04578254e+00 -2.77901243e-01 1.42205045e+00 8.48390511e-01 1.32642255e+00 0.00000000e+00 -5.42482147e-01 -3.91335530e-03 -1.56831133e-01 -6.88049589e-01 -2.44484846e-01 1.23228297e+00 -1.23879061e+00 -1.65842887e+00 2.54034260e-01 -3.97292832e-01 6.92490979e-01 3.55154795e-01 7.45823619e-01 4.10460851e-01 -3.30831190e-01 -1.24589964e+00 3.19893384e-01 -2.27639471e-01 -2.12556991e+00 -6.05560264e-01 -4.87381318e-01 -6.75993442e-01 -1.07240244e+00 2.49225990e-02 2.94159236e-01 3.43034444e-01 -1.37969836e-01 -1.56180938e+00 -4.05704030e-01 1.32796041e+00 7.84057733e-02 -1.29752296e+00 7.10428536e-01 -1.74724053e+00 -4.30336327e-01 -1.97141209e-01 -1.95322771e-01 2.06901686e+00 -2.41013932e+00 1.12246221e+00 -8.07108164e-01 2.54236770e-02 8.10898484e-02 3.44176727e-01 8.41637672e-01 -2.15617173e-01 -1.50699952e+00 9.83517327e-01 -5.42482147e-01 0.00000000e+00 -1.78305497e+00 5.90080595e-01 -6.45696464e-01 1.11723282e-01 -1.01003743e+00 -2.36279496e-01 -6.01505500e-01 7.79050083e-01 -2.89334327e-01 -9.28185417e-01 -3.03392220e-01 -3.52066300e-01 7.59287847e-01 1.55165700e-01 -7.99981178e-01 -3.92927994e-01 1.20204989e+00 -1.20300556e+00 4.49189827e-01 9.32407996e-01 -5.04957017e-01 1.67401943e-02 -2.94928798e-02 1.98591062e-01 -1.36372441e-01 -5.75470157e-01 8.93986154e-01 -1.43806583e-01 9.57911087e-01 2.54079212e+00 -6.70047421e-01 1.98166664e-01 1.70730056e+00 1.41073832e+00 6.54136859e-01 -7.99043276e-01 3.72625527e-01 -1.04144157e+00 1.03335587e+00 3.14439684e-01 -9.70043746e-01 -1.85833357e+00 5.84579354e-01 -1.68463411e+00 1.66785829e-01 1.42324039e+00 1.02805161e+00 -3.91335530e-03 -1.78305497e+00 0.00000000e+00 4.44033003e-01 -5.13831870e-01 1.30050659e+00 8.32702908e-01 4.18231214e-01 -1.76190842e-01 4.56534997e-01 -6.14935614e-01 -3.41595361e-01 1.47113556e+00 2.11605481e-02 3.48078684e-01 9.58637581e-01 -4.72615737e-01 8.50836061e-01 1.54840740e-01 3.46721569e-01 3.66593876e-01 -2.90716089e-01 -2.86925956e-01 -1.04007493e+00 4.00596821e-01 -1.69827820e-01 -1.03250705e+00 -6.25737141e-01 -6.93400411e-01 1.18447049e+00 5.85159463e-01 -1.36958093e+00 -1.10830246e+00 1.80817498e+00 -2.16277306e-01 5.85858304e-02 1.13748917e+00 9.43258271e-01 -1.74756624e-01 -6.89440206e-02 1.29220022e+00 -2.69987357e-02 -9.12424612e-01 -1.24950185e+00 1.97810072e-01 -4.85042024e-01 4.03101528e-01 6.69576271e-01 5.45890646e-01 -1.56831133e-01 5.90080595e-01 4.44033003e-01 0.00000000e+00 -8.37264436e-01 7.81278369e-01 1.66154953e-01 7.16533476e-01 -3.00272877e-01 1.32984642e-01 -6.65508539e-01 5.11388815e-01 -1.99310400e+00 -4.40949260e-01 1.86141672e+00 -3.79347133e-01 -1.10614979e+00 -3.41791388e-01 -9.35818790e-01 3.50645440e-03 1.41805166e+00 -1.46676350e+00 2.20294118e-01 -1.17064658e-01 -5.85857876e-01 1.11126944e+00 -8.46743098e-01 -4.44525725e-01 8.58282409e-01 1.80814523e+00 -1.59230553e+00 -3.41601443e-01 -4.04752704e-01 2.01240366e+00 3.46567438e-01 -1.40945846e-02 3.94939840e-01 -6.96726227e-01 -5.95511177e-02 -1.12687074e+00 -7.80851060e-01 2.78009786e-01 2.95316934e+00 2.27120349e-01 -3.78216042e-01 -1.09196285e+00 -3.15561165e-01 1.12458846e+00 1.10039957e-01 -6.88049589e-01 -6.45696464e-01 -5.13831870e-01 -8.37264436e-01 0.00000000e+00 7.42738922e-01 -1.00267890e+00 2.15332168e+00 2.01057489e+00 -5.74650772e-01 -1.42234440e+00 1.34069584e+00 -1.93183261e-03 2.73695534e+00 -4.96501314e-02 1.29889612e+00 -6.78597557e-01 3.43348121e-01 6.04401935e-02 8.02089164e-01 -1.16013075e+00 -1.70838763e-01 -1.97676072e+00 1.10016464e+00 9.53275327e-01 -7.21705282e-01 -1.01790690e+00 -1.78349100e-01 -1.68738439e-01 4.72781263e-01 2.22290543e+00 2.09534019e-01 1.73346677e-01 -1.88590818e+00 -1.70657479e+00 -8.73729593e-01 -6.18071453e-01 2.73288570e-01 -1.28100341e-01 7.04779138e-01 1.57829518e+00 -1.39879548e-01 -1.36515978e+00 8.12098910e-01 -8.48453207e-01 9.53139682e-02 7.41546761e-01 9.65654073e-01 1.45029022e+00 -2.44484846e-01 1.11723282e-01 1.30050659e+00 7.81278369e-01 7.42738922e-01 0.00000000e+00 3.23268793e-01 -1.96453739e-01 7.12911454e-01 1.03460582e+00 -7.99014278e-01 1.03602864e-01 -1.41981158e+00 8.59539508e-01 -1.26179126e-01 9.07111241e-01 -3.42652309e-01 5.14532300e-01 -5.57770301e-01 1.09728618e+00 -1.46257818e+00 2.38499065e-01 1.17091442e+00 -1.36623477e+00 4.72128162e-01 -2.82970120e-01 1.06387654e+00 -9.90380244e-01 -2.79174884e-01 -5.48007971e-01 -4.58708026e-01 1.97033782e-02 -1.00007856e-02 -1.26513093e+00 -8.80903788e-01 -1.76602075e-01 7.63087326e-02 1.79134944e+00 -4.45712148e-01 -5.76512655e-01 -1.76588036e+00 5.33335004e-01 2.78610538e-01 -1.12192482e+00 2.84882283e-01 -6.38412579e-01 -4.15457210e-01 -1.01525452e+00 -1.17213980e+00 1.23228297e+00 -1.01003743e+00 8.32702908e-01 1.66154953e-01 -1.00267890e+00 3.23268793e-01 0.00000000e+00 5.95177829e-01 2.32423586e-01 5.53642387e-01 4.12702938e-01 -2.21957945e-02 -2.97650200e+00 2.73421783e-01 -7.69832190e-01 2.04695231e+00 -9.23284248e-01 -1.95676826e+00 -4.38355499e-01 -1.70431557e+00 1.64771975e+00 -7.31837793e-01 2.52526731e+00 -2.07347337e+00 1.96512018e+00 -1.42816429e+00 2.01909360e-01 1.01031121e-01 7.34568912e-01 -1.86341614e+00 6.00279688e-02 -1.47914259e-01 -1.79276556e-01 -1.55168643e+00 2.21814028e+00 1.02197456e+00 3.99864607e-01 1.06677575e+00 6.06973292e-01 -3.07659024e-01 -1.32266435e+00 -7.28672270e-03 -1.71091941e+00 1.62766106e+00 -2.70441540e+00 -2.92262626e-01 -1.41904394e+00 -4.13364283e+00 6.88299872e-01 -1.23879061e+00 -2.36279496e-01 4.18231214e-01 7.16533476e-01 2.15332168e+00 -1.96453739e-01 5.95177829e-01 0.00000000e+00 -1.24275096e+00 -6.69208076e-01 2.98350656e-01 -2.02262144e+00 -1.18926012e+00 -7.63922854e-02 -6.10559307e-01 -1.19887881e+00 2.49162381e-01 -6.38561320e-01 -1.11369777e+00 -9.83265455e-01 -2.24585244e+00 1.10589814e+00 -1.43564172e-01 5.49425952e-02 -5.36864289e-01 -4.73588167e-01 -2.87412163e-01 -7.70373701e-01 -8.34190020e-01 -1.78046707e-01 -1.02986881e-01 -1.18528649e-01 -1.35153331e-01 5.35530151e-01 -1.18738703e+00 4.55655967e-01 1.04367322e-01 1.14069837e+00 3.24593648e-01 8.87313877e-01 5.65763445e-01 -2.54117897e-01 -9.60284441e-01 9.33846803e-01 -5.10589489e-01 1.00011140e+00 7.68050633e-01 -7.35517972e-01 -1.78580390e-01 -1.65842887e+00 -6.01505500e-01 -1.76190842e-01 -3.00272877e-01 2.01057489e+00 7.12911454e-01 2.32423586e-01 -1.24275096e+00 0.00000000e+00 1.14976515e+00 -4.65766987e-01 -1.12894339e+00 8.16413269e-01 1.27054818e-01 7.40564016e-01 -8.75522368e-01 1.32454063e+00 -1.37279370e+00 -4.66108592e-01 -1.53547518e-01 1.05064472e+00 -9.44754151e-02 -1.79465472e+00 9.05697934e-01 1.06448140e+00 9.13012016e-01 -5.97695012e-02 1.89194059e-01 9.21503582e-01 -1.09993846e+00 -1.61953301e+00 -1.06597945e+00 5.16224830e-01 6.03769602e-01 1.41939410e+00 7.67823587e-01 -1.55385528e+00 1.22841150e+00 1.69459522e-01 -9.65398750e-01 -9.76631955e-01 9.45347110e-01 6.93879324e-01 -2.19564012e-01 -2.02801746e-01 1.07444154e+00 2.11455627e+00 -1.42161448e-01 -3.58677045e-01 2.54034260e-01 7.79050083e-01 4.56534997e-01 1.32984642e-01 -5.74650772e-01 1.03460582e+00 5.53642387e-01 -6.69208076e-01 1.14976515e+00 0.00000000e+00 6.48555291e-01 7.76828886e-01 -6.33046240e-01 1.28950449e+00 4.35414734e-02 1.53337193e+00 -2.66643195e+00 1.20621483e+00 -4.06748482e-01 -1.79053056e-01 3.98270018e-01 1.38099716e-01 -2.27228570e+00 -1.89440246e+00 3.05597646e-01 7.99619691e-01 -4.19920013e-01 -9.75582227e-02 -6.46436121e-01 3.10940049e+00 1.45341017e+00 -3.72699427e-01 7.57742489e-01 1.85797131e+00 5.15615340e-01 1.66405911e-01 2.59821985e-01 -2.91773506e-01 -6.90716923e-01 -5.05400916e-01 6.79489366e-01 1.97783127e-01 6.42645100e-01 1.71196684e+00 -7.69722178e-01 1.33764948e-01 1.57260600e-01 1.98649362e+00 8.95559945e-01 -3.97292832e-01 -2.89334327e-01 -6.14935614e-01 -6.65508539e-01 -1.42234440e+00 -7.99014278e-01 4.12702938e-01 2.98350656e-01 -4.65766987e-01 6.48555291e-01 0.00000000e+00 -7.23616321e-01 2.86991397e-01 6.34564138e-01 -4.15856466e-01 -1.89917474e+00 -2.96353042e-01 -2.40681797e-01 1.71811449e+00 -3.47717603e-01 -4.46526492e-01 -1.21656953e+00 -1.37274263e+00 -1.40620214e+00 -5.73362209e-01 -2.84268248e-01 9.22604828e-01 2.22455408e+00 5.08050038e-01 -1.06927866e-01 1.10035310e+00 -5.67879476e-01 9.74563552e-01 1.27324182e+00 8.55471610e-01 -5.25744833e-01 1.33248777e+00 -1.24733457e+00 1.97290688e-01 1.24716870e+00 4.53492261e-01 -1.28870401e-01 8.10370255e-01 2.68083700e+00 4.24445086e-01 -1.82378384e+00 -2.71600240e-01 -1.50172695e+00 -1.71895335e+00 6.92490979e-01 -9.28185417e-01 -3.41595361e-01 5.11388815e-01 1.34069584e+00 1.03602864e-01 -2.21957945e-02 -2.02262144e+00 -1.12894339e+00 7.76828886e-01 -7.23616321e-01 0.00000000e+00 -1.00391866e+00 -2.86594006e-01 -4.41774210e-01 2.53147721e-01 2.78799115e+00 1.29102196e+00 -2.24048062e-02 4.75750064e-01 -9.54197542e-01 -5.23176074e-01 1.64911275e+00 -9.91856573e-01 1.29239028e+00 8.96295473e-01 -8.70450463e-01 -2.56736681e-01 -9.90904746e-02 9.12384484e-02 3.65897868e-01 -1.31330948e+00 -1.07354221e+00 -4.11652517e-01 -1.29149368e+00 -5.15579315e-02 -6.02824319e-01 3.71937702e-01 -1.10212845e+00 -9.93089970e-01 -1.53540201e+00 2.18802669e+00 -4.29145399e-01 -2.79539048e-01 9.40377227e-01 6.95267512e-01 -3.28847064e-01 -1.51964889e+00 9.41019156e-01 3.55154795e-01 -3.03392220e-01 1.47113556e+00 -1.99310400e+00 -1.93183261e-03 -1.41981158e+00 -2.97650200e+00 -1.18926012e+00 8.16413269e-01 -6.33046240e-01 2.86991397e-01 -1.00391866e+00 0.00000000e+00 1.32851276e+00 8.67100685e-01 -1.41949980e+00 -3.90890282e-01 -3.04410618e-01 -4.53493476e-01 5.08442978e-01 1.03169970e-03 1.30631290e+00 8.36652432e-01 8.78303906e-01 -6.86054585e-01 -5.78660524e-01 -1.18125459e+00 4.64245645e-01 9.34247245e-01 5.10309800e-01 1.04796842e+00 -1.12108177e+00 -3.82897531e-01 -1.26633884e+00 4.90439518e-01 9.54469695e-01 8.91134221e-01 1.38453834e+00 6.49786707e-01 -1.28721516e+00 -4.37961209e-02 9.47539695e-02 7.27348051e-01 -1.59129571e-01 5.08172359e-01 4.65660218e-01 1.44095685e+00 -5.20651543e-01 -3.92189343e-01 7.45823619e-01 -3.52066300e-01 2.11605481e-02 -4.40949260e-01 2.73695534e+00 8.59539508e-01 2.73421783e-01 -7.63922854e-02 1.27054818e-01 1.28950449e+00 6.34564138e-01 -2.86594006e-01 1.32851276e+00 0.00000000e+00
