   0.0000000e+00  -2.3470587e-01  -1.6713828e-01   1.7329083e+00  -7.5244777e-02   4.3000208e-02   1.7527816e+00   5.8828636e-01  -1.0349125e+00   6.5209993e-01   2.1499934e+00   5.7773269e-02   5.5016223e-01  -2.8343848e-01  -7.2721638e-01   1.0347450e+00  -3.3966851e-01   8.9958338e-01  -1.1492998e+00   8.9462248e-01   2.0134349e+00   1.2826531e+00  -1.8045524e+00   1.5937315e+00   4.4396279e-01  -1.6501155e+00  -5.1157587e-01   1.8867902e+00   1.5695911e+00   8.6126678e-01   9.0665209e-02  -3.4581970e-01  -3.4752253e+00   1.0426146e+00   6.7778853e-01  -1.8096478e-01  -1.8999259e+00   1.1515713e+00  -1.0996264e+00  -9.1531826e-01  -1.4115782e-01  -1.8056489e+00  -1.3230385e+00  -1.1999379e+00   4.5179813e-02  -1.1951554e+00  -1.6544195e-01  -3.5265743e-01  -5.5236266e-01  -2.3470587e-01   0.0000000e+00   2.7486359e+00   1.3911600e+00  -1.1846963e+00   1.0496896e+00  -1.6555277e+00  -1.5938295e+00  -1.5951192e+00  -6.9180923e-01   1.3390598e+00   9.0924110e-01  -3.1650761e-01   3.2000076e-02  -1.1186639e+00   1.8316125e+00   1.9110626e-01  -1.4481029e+00  -5.5185281e-01  -2.1670299e+00   2.0852570e+00  -9.5417598e-02  -2.4845489e+00  -1.1320012e-01   1.1555587e+00   5.4302078e-01  -1.5944995e-01   3.2268201e-01  -5.1115166e-01   1.1392326e+00  -7.9166351e-02   1.7180114e+00   1.3066165e+00  -4.7280754e-02  -1.0421525e-01  -1.1447324e+00  -1.1765935e+00   3.4439048e-01  -7.6172220e-01   5.8214150e-03  -6.0694228e-01   5.5370947e-02   1.1039046e+00  -9.4218255e-01  -1.2966898e+00  -6.0286748e-02  -8.4143417e-02  -1.6784436e-01   1.2704784e+00  -1.6713828e-01   2.7486359e+00   0.0000000e+00  -1.7044431e+00   6.8945787e-01   8.9223279e-02  -5.8843303e-02   3.8762426e-02  -1.3590979e-01   8.6982100e-01  -1.3694560e+00   1.1902379e+00  -6.9824298e-01   1.2408795e+00   1.0251312e+00   2.9035771e+00  -4.4132650e-01   1.0060521e-01   2.1240770e+00   3.3119753e+00   3.6563385e+00   5.9481693e-01  -1.1474737e+00   3.5823424e-02  -8.2825474e-01   8.1265076e-02   3.3063597e-01  -2.2565880e-01   2.1378033e+00  -1.0477733e+00   1.4150200e+00  -4.6234913e-01  -3.7042423e-01   5.0652589e-01  -1.1457634e+00  -8.7548589e-01   6.9067794e-01  -2.1329476e-01  -1.5223594e+00  -1.9513621e+00  -1.3454280e+00   1.8995185e+00   5.3993205e-01  -8.6150524e-01   7.5013864e-01  -7.1158696e-01  -3.3590354e-02  -1.2741527e+00   7.2951488e-01   1.7329083e+00   1.3911600e+00  -1.7044431e+00   0.0000000e+00  -4.2032542e-01  -4.0744909e+00   5.8210064e-01   1.0314274e-01  -1.0041957e+00  -1.3897664e+00  -1.4816436e+00   7.6134945e-01   1.5765277e+00   2.5033327e+00   3.9318339e-02   4.3036603e-01   1.2117630e+00   6.6767163e-01  -2.4576473e+00   2.1551812e-01   8.7186532e-01   7.6361758e-01  -1.5156846e+00   2.2953430e+00  -6.2725577e-01   2.0504855e-01   7.0520576e-01  -7.5968183e-01  -1.4965565e+00   4.5400745e-02  -7.8816181e-01  -1.6913558e+00   5.5840362e-01   3.6818945e-01  -1.8177760e+00   7.8455129e-01  -9.8728403e-02  -1.8023165e+00  -4.9438686e-01  -1.9741274e+00  -3.2751197e-02  -4.9301769e-01  -9.8678749e-01   2.2014314e+00  -3.0633163e-01   3.1564628e-02  -2.8214852e-01  -7.5218474e-01   1.1635491e-01  -7.5244777e-02  -1.1846963e+00   6.8945787e-01  -4.2032542e-01   0.0000000e+00  -3.4087744e+00   1.9556049e+00   2.3767783e+00   1.3428365e+00   1.5618013e+00   5.7478952e-02   3.0852385e-01  -3.1416625e+00   1.5065854e+00   1.4021209e+00   6.3416503e-03  -4.5534626e-01  -1.8433811e-01   8.8385616e-01  -2.3978974e-01  -9.8941351e-01   8.6731719e-01  -3.2742070e-01  -1.0251943e+00  -2.3641804e-01   3.1353440e-02  -3.6681631e-01  -3.6867177e-01  -2.4128030e-01   4.1531275e-01   4.1419560e-01  -2.7828334e-01   9.7148096e-01  -2.9900829e-01  -6.9986100e-01  -5.8403774e-01  -1.7237917e+00  -1.2051322e+00  -4.7920206e-02   1.4870896e-01   1.9528044e+00  -9.6665762e-02  -1.4093574e+00  -6.2987247e-01  -1.1767526e+00   1.2942166e+00   3.8357835e-02   4.6157754e-01   1.7421624e+00   4.3000208e-02   1.0496896e+00   8.9223279e-02  -4.0744909e+00  -3.4087744e+00   0.0000000e+00  -9.0337979e-02   3.7280195e-01   1.0225373e+00  -1.1647581e+00  -8.2153418e-01  -5.3122714e-01   2.6973628e+00   2.5899085e-02   6.5308745e-02   8.9989201e-01   4.9690495e-01   2.2333847e+00  -1.6992888e-01  -2.2156491e+00   1.9763637e-01   7.8200165e-01   1.5818354e+00   1.2906442e+00  -7.0358369e-01  -2.7370187e-01  -3.5657043e-01  -4.0122176e-01  -2.1977316e+00   9.3302189e-02  -1.2238273e+00   8.7276291e-01  -1.5961555e+00   2.0385585e+00  -7.4279824e-01   1.3321101e+00  -1.0158911e+00  -1.8012081e+00   6.8692037e-01  -9.7354333e-01  -7.6782057e-01   6.2364135e-01  -3.9626690e-01   1.4288692e+00  -4.7979198e-01   8.3443803e-01  -6.6800896e-01  -8.0038488e-01   6.4722935e-02   1.7527816e+00  -1.6555277e+00  -5.8843303e-02   5.8210064e-01   1.9556049e+00  -9.0337979e-02   0.0000000e+00  -7.1069780e-01   4.4222744e-01   9.8198962e-01  -3.9284128e-01   1.4631910e+00   5.4921648e+00  -7.4652333e-01  -2.3078296e+00  -4.1519833e-02  -1.9137288e+00  -6.9586844e-01   2.2089169e+00   1.1217775e-01   6.2062763e-01   2.3061632e+00   1.2866514e+00  -8.8218913e-01  -1.0236927e+00  -8.4864845e-01  -1.6115846e-01  -3.5241655e-02   1.8411880e+00  -2.1719148e-01   2.1984316e-01   2.4041626e-01  -4.1509863e-01   2.6963366e-01  -6.3338423e-02  -5.0015775e-01   3.3543764e-01  -5.4710862e-01   1.1736415e-01  -8.6233636e-01  -7.5863510e-01   1.0236069e-01   2.0637574e-02  -1.7098259e+00   1.3297533e+00   1.2136967e-01   6.9236295e-01  -1.5030580e+00  -1.0228462e-01   5.8828636e-01  -1.5938295e+00   3.8762426e-02   1.0314274e-01   2.3767783e+00   3.7280195e-01  -7.1069780e-01   0.0000000e+00  -1.4956940e+00   6.2244657e-01   9.1902221e-02  -1.5622804e-01  -5.3784587e-01   9.3108434e-01  -3.0186973e-01   6.2318228e-01   2.9764782e-01   1.2510576e+00  -7.2401921e-01   1.1248478e-02  -1.1321065e+00   3.9197561e-01  -3.6617253e-01   7.4111518e-01  -7.6111185e-01   2.7023246e-01  -3.3675025e-02   2.8232360e-01   1.3817227e+00  -9.4658646e-02   1.0201023e+00   8.9055873e-01   2.0889052e+00  -3.7385548e-01  -1.7286272e-01  -1.7456000e+00   3.7044630e-01  -4.2860432e-02   7.0372601e-01   3.0445512e-01   1.3387779e-01   2.9532459e-01   1.2088186e+00  -4.3590555e-01   2.5600096e-02   4.4253920e-01   1.0127484e-02  -6.3011499e-01   1.1830436e+00  -1.0349125e+00  -1.5951192e+00  -1.3590979e-01  -1.0041957e+00   1.3428365e+00   1.0225373e+00   4.4222744e-01  -1.4956940e+00   0.0000000e+00  -2.5847652e+00  -2.9726159e-01  -1.0355940e+00   1.0241784e+00   1.8000458e+00  -4.3034192e-01   2.7510584e-02  -2.8326509e+00  -3.5081511e-01   1.3363047e+00   5.5231639e-01   1.6240698e-01   2.7507237e-01  -1.5802484e+00  -7.3676227e-01  -8.0225269e-01  -7.4880300e-01   8.6800472e-01   5.0586965e-01   5.4220251e-01  -6.6608959e-01  -2.3442127e-01   1.6759222e+00  -2.9695915e-01   2.5508338e+00  -3.1496275e-01  -2.3522121e+00  -2.5324332e+00  -2.9999227e+00   6.3089228e-01   1.9206091e-01   4.0080085e-01   1.1311764e+00  -1.2548054e+00   1.6923896e+00  -2.3015422e+00  -3.3597450e-02  -3.5456465e-01  -1.5444408e+00   3.7262972e-01   6.5209993e-01  -6.9180923e-01   8.6982100e-01  -1.3897664e+00   1.5618013e+00  -1.1647581e+00   9.8198962e-01   6.2244657e-01  -2.5847652e+00   0.0000000e+00  -8.4503657e-01  -4.6394836e-01   8.6236986e-01   1.1097017e-01  -1.4021232e+00  -1.6799060e+00  -9.0768122e-01  -7.8925101e-01   7.7644473e-01  -2.8922395e+00   1.2914417e+00  -6.7928811e-01   2.9714332e+00   7.5470681e-01  -3.0076200e-01  -2.2586912e+00  -5.8428383e-01  -1.4159632e-01  -1.0016628e+00   9.4043729e-01  -2.6044065e-01  -8.7643335e-01  -6.6994242e-01   7.3013243e-01  -6.0516315e-01   9.9081858e-01   1.2988764e+00  -7.6650487e-01  -1.1688092e+00  -1.7855818e+00   1.2997574e+00   6.2573825e-02   3.6626406e-01   2.4295753e+00   1.5747109e-01   1.6242222e-01  -2.1750052e+00  -1.2952814e+00   1.8618007e+00   2.1499934e+00   1.3390598e+00  -1.3694560e+00  -1.4816436e+00   5.7478952e-02  -8.2153418e-01  -3.9284128e-01   9.1902221e-02  -2.9726159e-01  -8.4503657e-01   0.0000000e+00  -7.7592745e-01  -4.9946473e-01   2.9326968e+00  -1.1791195e+00   8.2131679e-02  -1.8705943e+00   3.1768534e+00   4.0563572e-01   6.9152263e-01  -2.1147265e+00   2.0950622e-01  -2.6474414e-02  -1.4381287e+00   2.6359197e-01   9.8704650e-02   1.4247516e+00  -5.3911849e-01   1.0213781e+00  -1.5899737e-01   3.2793045e-01   9.3213306e-01  -7.6552914e-01  -1.4861016e+00  -1.4749731e-01   5.0248945e-01  -1.7513660e-01   1.8281952e+00  -5.4346339e-01  -1.3959980e+00   3.2504938e-01  -7.7639118e-01   2.6515454e-01  -6.8264159e-01  -5.8368762e-01   6.0530895e-01  -4.2879003e-01  -2.7487821e-01   3.1526928e-01   5.7773269e-02   9.0924110e-01   1.1902379e+00   7.6134945e-01   3.0852385e-01  -5.3122714e-01   1.4631910e+00  -1.5622804e-01  -1.0355940e+00  -4.6394836e-01  -7.7592745e-01   0.0000000e+00   7.5554734e-01   6.8126827e-01  -5.1482557e-01   2.3366805e-01   2.3883153e+00  -1.4124659e-01   7.4813815e-01   2.5660831e-01   1.1042058e+00   6.2459341e-02  -3.4377333e-01  -5.3789667e-02   6.2586767e-01   7.2871762e-01  -1.7549073e+00   4.1050781e-01  -8.5343195e-01  -1.2371381e+00   7.4902113e-02   1.8327294e-01   3.1288420e-01   7.9922187e-01  -9.8889156e-01   7.7141552e-01   9.8918537e-01  -2.6830484e-01  -7.5780709e-01  -1.5084963e-01   2.1106984e+00   3.6427442e-01  -1.3303262e-01   3.0118457e-03  -5.3769377e-02  -1.6816122e-01   2.2463334e-01  -5.2613297e-01  -6.0991963e-01   5.5016223e-01  -3.1650761e-01  -6.9824298e-01   1.5765277e+00  -3.1416625e+00   2.6973628e+00   5.4921648e+00  -5.3784587e-01   1.0241784e+00   8.6236986e-01  -4.9946473e-01   7.5554734e-01   0.0000000e+00   2.0054112e+00   1.2626751e+00   7.2996384e-01  -9.2173074e-01  -8.1283808e-01  -3.5151140e+00  -3.4964643e-01  -9.7660763e-02   6.8829130e-01  -5.9428936e-01   5.1977353e-01  -2.3858359e-01  -1.0133987e+00   2.7236323e-01  -5.4791802e-01   9.2497544e-01   9.8209818e-02   6.5827922e-01   2.0476904e-01   7.8432875e-01   6.3206086e-02   1.2219776e-01  -4.3217368e-02   1.1379809e+00   1.8801283e+00  -4.1166653e-02   1.9728706e+00  -2.0135541e-01   2.0519822e+00   6.0045633e-01  -2.6645967e-01   1.3038061e-01   2.6288802e-01   1.4152689e+00  -1.1023511e-01  -4.3941736e-01  -2.8343848e-01   3.2000076e-02   1.2408795e+00   2.5033327e+00   1.5065854e+00   2.5899085e-02  -7.4652333e-01   9.3108434e-01   1.8000458e+00   1.1097017e-01   2.9326968e+00   6.8126827e-01   2.0054112e+00   0.0000000e+00  -7.5591780e-01   2.0290660e-01   1.1870456e-01   5.3441871e+00  -1.0204848e+00  -2.3130896e+00  -2.3586728e+00  -1.6309508e-01   3.7420957e-01   5.8367842e-01  -7.0625794e-01  -5.2876587e-01  -4.7155589e-01   4.5103198e-03  -1.8029953e+00  -2.5986595e-01  -1.6889973e-01  -1.0638376e+00  -7.3454176e-01  -5.0016946e-01   6.3042327e-01   9.2041343e-01   9.5501598e-01  -1.8336425e+00  -8.7197854e-01   4.6649332e-01  -9.3797280e-01  -7.5054972e-01   7.1313134e-01   7.7567346e-02  -1.1350582e-01   1.7170337e+00  -2.7361298e+00  -2.2649150e-03  -9.8909143e-01  -7.2721638e-01  -1.1186639e+00   1.0251312e+00   3.9318339e-02   1.4021209e+00   6.5308745e-02  -2.3078296e+00  -3.0186973e-01  -4.3034192e-01  -1.4021232e+00  -1.1791195e+00  -5.1482557e-01   1.2626751e+00  -7.5591780e-01   0.0000000e+00   1.3621566e+00  -1.9998765e-01  -5.4275212e-01   5.8123945e-01   3.3882489e+00  -1.2886851e+00   2.7486058e+00   7.6645444e-01   1.1297010e+00   1.2629838e+00   6.9025259e-01   1.5767332e-01  -6.3484861e-01  -6.1778932e-01  -4.4408792e-01  -1.2865171e-01  -1.1934958e+00   5.8627426e-01   1.6728895e+00   3.4092384e-01   1.5941060e+00   3.7047871e-01   5.6711847e-01  -1.4930148e+00  -8.0447348e-02   1.3282350e-01  -1.0237104e+00  -1.4556147e-01  -3.6033142e-01   1.2477272e+00   8.7918764e-01  -1.2319797e-01   9.9854089e-02   7.4588270e-01   1.0347450e+00   1.8316125e+00   2.9035771e+00   4.3036603e-01   6.3416503e-03   8.9989201e-01  -4.1519833e-02   6.2318228e-01   2.7510584e-02  -1.6799060e+00   8.2131679e-02   2.3366805e-01   7.2996384e-01   2.0290660e-01   1.3621566e+00   0.0000000e+00   2.4797517e-01  -1.6180289e+00   1.1440734e+00  -9.2591782e-01  -3.4002976e-01  -1.9105686e-01   1.1916942e+00  -1.0362710e+00  -1.9212813e+00  -1.3767140e+00   1.3137989e+00   1.2897363e+00  -9.8300000e-01   1.0854149e+00   7.4741566e-01  -1.3055288e+00   9.4462251e-01  -3.9592915e-01  -7.9985029e-01   1.7278562e+00  -3.3797812e-01   8.0934507e-01   1.9077254e+00   1.3591805e+00  -2.1229193e-02  -8.9109577e-01  -1.6266516e+00  -1.2728328e-05   7.8189652e-01   2.4626547e+00   1.4353631e+00   8.0834219e-02  -4.8893109e-01  -3.3966851e-01   1.9110626e-01  -4.4132650e-01   1.2117630e+00  -4.5534626e-01   4.9690495e-01  -1.9137288e+00   2.9764782e-01  -2.8326509e+00  -9.0768122e-01  -1.8705943e+00   2.3883153e+00  -9.2173074e-01   1.1870456e-01  -1.9998765e-01   2.4797517e-01   0.0000000e+00   1.0766424e+00   3.3254462e+00  -3.6047320e-01  -5.4832442e-01   2.8656836e+00   5.6617962e-02  -1.3310441e+00  -2.5826612e-01  -3.4575331e-01  -7.2665107e-01  -8.3883166e-01   1.5993202e+00   3.8390631e-02   1.1905147e+00   2.1087642e-01  -1.0583033e+00   1.4860919e+00   1.1233974e-01  -2.2335349e+00   1.7921594e-02  -1.2170529e+00   2.9159068e-01   2.5775520e-01  -1.3846602e+00   7.4098998e-01   1.8013800e+00  -1.3304745e+00  -4.9559422e-01   2.1802104e-01  -6.7197952e-01  -5.6670753e-01   9.9327066e-01   8.9958338e-01  -1.4481029e+00   1.0060521e-01   6.6767163e-01  -1.8433811e-01   2.2333847e+00  -6.9586844e-01   1.2510576e+00  -3.5081511e-01  -7.8925101e-01   3.1768534e+00  -1.4124659e-01  -8.1283808e-01   5.3441871e+00  -5.4275212e-01  -1.6180289e+00   1.0766424e+00   0.0000000e+00   9.1721283e-01  -6.8416742e-02   1.3366385e+00  -1.8939531e+00  -3.1211825e-01  -9.4645707e-02   2.1000673e-01   1.5077582e-01   1.2675944e-02   1.8895997e-01   2.1715007e+00   2.6408916e-01  -7.6645048e-01  -6.6694081e-01   6.9538223e-01   1.2389927e+00   4.1858618e-01  -1.0666233e+00  -1.4879277e+00   3.1293753e+00   2.4179809e-01   2.9557484e-01  -4.6775263e-01  -5.9091413e-01  -1.1611968e+00  -1.2396167e+00   1.8866863e+00   5.6864775e-01   1.0626304e+00  -1.3145348e+00   6.3342391e-01  -1.1492998e+00  -5.5185281e-01   2.1240770e+00  -2.4576473e+00   8.8385616e-01  -1.6992888e-01   2.2089169e+00  -7.2401921e-01   1.3363047e+00   7.7644473e-01   4.0563572e-01   7.4813815e-01  -3.5151140e+00  -1.0204848e+00   5.8123945e-01   1.1440734e+00   3.3254462e+00   9.1721283e-01   0.0000000e+00  -2.2669819e+00  -1.2646449e+00  -1.5249117e-01  -6.1143853e-01   3.8961533e-01  -6.7520968e-01  -5.8953947e-01   4.9967728e-01  -9.6658081e-01  -6.4887259e-02   7.4462929e-01  -1.4827272e+00   2.2639787e-01  -2.0550973e+00  -2.2217827e+00  -6.5950787e-01   3.1036346e-02  -3.5521406e-01   5.4563256e-01  -1.2566624e+00   6.8602329e-01  -3.9690799e-02  -1.2181403e-02   3.5839748e-01   2.1537973e+00  -4.6226080e-01   1.6814840e+00   2.2698259e+00   3.9448946e-01  -4.1144993e-01   8.9462248e-01  -2.1670299e+00   3.3119753e+00   2.1551812e-01  -2.3978974e-01  -2.2156491e+00   1.1217775e-01   1.1248478e-02   5.5231639e-01  -2.8922395e+00   6.9152263e-01   2.5660831e-01  -3.4964643e-01  -2.3130896e+00   3.3882489e+00  -9.2591782e-01  -3.6047320e-01  -6.8416742e-02  -2.2669819e+00   0.0000000e+00   1.0046603e-01  -2.7282419e+00  -2.0205518e-01   8.0540226e-01   4.3284789e-01  -8.2652005e-01   1.9530778e-01  -5.1105320e-01  -2.8827134e-01  -1.7906544e-01  -1.0872339e+00   1.5529516e+00  -9.6315735e-01  -8.2657464e-01   9.1020054e-01   1.6620781e+00  -9.3267885e-01   6.4361654e-02   3.9407841e-01   2.2945663e+00  -1.7468387e+00   4.2482134e-01  -2.2203506e+00   2.1326316e+00  -1.1942089e+00   2.0049078e+00  -1.4121801e+00   5.2855044e-01   4.4568479e-01   2.0134349e+00   2.0852570e+00   3.6563385e+00   8.7186532e-01  -9.8941351e-01   1.9763637e-01   6.2062763e-01  -1.1321065e+00   1.6240698e-01   1.2914417e+00  -2.1147265e+00   1.1042058e+00  -9.7660763e-02  -2.3586728e+00  -1.2886851e+00  -3.4002976e-01  -5.4832442e-01   1.3366385e+00  -1.2646449e+00   1.0046603e-01   0.0000000e+00  -2.3763235e+00   1.9071241e-01   6.7318538e-01  -6.1816016e-01   1.7902508e-01  -6.2034778e-01  -1.0761959e+00  -1.3090558e-01   1.6565315e+00  -1.4564694e+00  -1.8486068e+00   1.3306353e-01  -9.6791375e-01   1.3292020e+00  -5.5924828e-01  -2.0416947e-01  -1.0939089e+00   1.1570761e+00  -7.6224251e-02   3.9992228e-01  -1.7892069e+00  -1.3636168e-01   5.3634336e-01  -5.6159993e-01   1.4566320e-01  -1.9082630e-01   9.5672411e-01   1.2525597e+00   1.2826531e+00  -9.5417598e-02   5.9481693e-01   7.6361758e-01   8.6731719e-01   7.8200165e-01   2.3061632e+00   3.9197561e-01   2.7507237e-01  -6.7928811e-01   2.0950622e-01   6.2459341e-02   6.8829130e-01  -1.6309508e-01   2.7486058e+00  -1.9105686e-01   2.8656836e+00  -1.8939531e+00  -1.5249117e-01  -2.7282419e+00  -2.3763235e+00   0.0000000e+00  -1.8782063e+00   5.9650820e-01   9.4933230e-02   1.5612569e-01  -7.0351171e-01   3.4849648e-01  -9.4331244e-01   9.5268746e-02  -2.1507482e+00  -8.2016798e-01   7.7795202e-01  -1.2673463e+00   1.6183102e+00   3.0085734e-01   6.2057040e-01   1.7601235e+00  -1.6026871e+00   1.5919324e+00   1.1250653e-02  -1.5136589e+00  -8.7556923e-01  -5.7941005e-01  -3.1073172e-01   9.7876709e-01  -1.2488641e+00   1.8051425e-01  -6.3195038e-01  -1.8045524e+00  -2.4845489e+00  -1.1474737e+00  -1.5156846e+00  -3.2742070e-01   1.5818354e+00   1.2866514e+00  -3.6617253e-01  -1.5802484e+00   2.9714332e+00  -2.6474414e-02  -3.4377333e-01  -5.9428936e-01   3.7420957e-01   7.6645444e-01   1.1916942e+00   5.6617962e-02  -3.1211825e-01  -6.1143853e-01  -2.0205518e-01   1.9071241e-01  -1.8782063e+00   0.0000000e+00   1.9956069e+00  -8.9778296e-02   1.1204891e+00  -7.5569588e-01   1.1054804e+00   1.1611442e+00  -6.3646925e-01  -1.4161322e+00   7.6786018e-01   1.3922525e-01  -4.0915841e-03  -6.0932122e-01  -6.1028430e-01  -1.0169760e+00  -3.4220338e-01  -3.0356300e-01  -8.4937145e-01  -3.1114703e-01  -9.4331775e-01  -6.2873283e-01  -1.8535683e+00  -1.1112956e-01  -6.1402478e-01   2.0468003e+00  -7.8546299e-02  -1.8897400e-01   1.5937315e+00  -1.1320012e-01   3.5823424e-02   2.2953430e+00  -1.0251943e+00   1.2906442e+00  -8.8218913e-01   7.4111518e-01  -7.3676227e-01   7.5470681e-01  -1.4381287e+00  -5.3789667e-02   5.1977353e-01   5.8367842e-01   1.1297010e+00  -1.0362710e+00  -1.3310441e+00  -9.4645707e-02   3.8961533e-01   8.0540226e-01   6.7318538e-01   5.9650820e-01   1.9956069e+00   0.0000000e+00  -5.7421016e-01  -3.4606261e-01   1.3427098e-01  -7.3178135e-01   1.2872269e-02  -4.5576517e-02   4.6257394e-01   7.0939816e-01   7.7253094e-01  -1.0575544e+00  -1.3504201e+00  -8.9555814e-01   5.8737454e-01  -5.4231374e-01   3.6978503e-01   1.7812633e+00   8.2892545e-01  -1.5782238e-01   6.2675381e-01   4.8365239e-01  -1.0062322e+00   1.5180971e+00  -9.1615569e-02   9.6910499e-01  -6.0033543e-01   4.4396279e-01   1.1555587e+00  -8.2825474e-01  -6.2725577e-01  -2.3641804e-01  -7.0358369e-01  -1.0236927e+00  -7.6111185e-01  -8.0225269e-01  -3.0076200e-01   2.6359197e-01   6.2586767e-01  -2.3858359e-01  -7.0625794e-01   1.2629838e+00  -1.9212813e+00  -2.5826612e-01   2.1000673e-01  -6.7520968e-01   4.3284789e-01  -6.1816016e-01   9.4933230e-02  -8.9778296e-02  -5.7421016e-01   0.0000000e+00   4.0945938e-02   2.1433411e+00  -1.1178898e+00   3.3491408e-01   7.3890904e-01   2.8185620e+00  -1.1725149e-01  -1.0760442e+00   2.8570063e-02  -8.9592882e-01  -1.2448784e+00   1.8434710e+00  -9.4498146e-01   8.8385358e-02   1.9418333e+00   7.1162589e-01  -1.2635279e+00   5.5878040e-01   6.1468349e-01   1.2274310e+00   2.7430719e-01   1.2037033e+00  -2.2493637e+00  -1.3342192e+00  -1.6501155e+00   5.4302078e-01   8.1265076e-02   2.0504855e-01   3.1353440e-02  -2.7370187e-01  -8.4864845e-01   2.7023246e-01  -7.4880300e-01  -2.2586912e+00   9.8704650e-02   7.2871762e-01  -1.0133987e+00  -5.2876587e-01   6.9025259e-01  -1.3767140e+00  -3.4575331e-01   1.5077582e-01  -5.8953947e-01  -8.2652005e-01   1.7902508e-01   1.5612569e-01   1.1204891e+00  -3.4606261e-01   4.0945938e-02   0.0000000e+00   2.2575836e+00   4.8015125e-02   2.7885886e-01   5.1166742e-01   1.0772203e-01  -8.6095300e-01  -2.8377883e-01   3.9429399e-01  -1.0275855e+00   5.0222458e-01   6.6169264e-02  -1.1381155e+00   5.5307735e-01   6.9232876e-01   9.3864018e-01  -9.0657398e-02  -9.2962847e-01  -8.1823910e-01  -3.0330439e+00   4.3827391e-01   1.0986429e+00  -1.8274219e+00  -1.7693880e+00  -5.1157587e-01  -1.5944995e-01   3.3063597e-01   7.0520576e-01  -3.6681631e-01  -3.5657043e-01  -1.6115846e-01  -3.3675025e-02   8.6800472e-01  -5.8428383e-01   1.4247516e+00  -1.7549073e+00   2.7236323e-01  -4.7155589e-01   1.5767332e-01   1.3137989e+00  -7.2665107e-01   1.2675944e-02   4.9967728e-01   1.9530778e-01  -6.2034778e-01  -7.0351171e-01  -7.5569588e-01   1.3427098e-01   2.1433411e+00   2.2575836e+00   0.0000000e+00  -4.5600597e-01   7.8446979e-01   1.4446503e+00  -5.0289236e-01   5.2812307e-01  -7.4396440e-01   4.1842919e-01   4.5053852e-01   2.2545857e-01   1.3197111e+00  -2.4744255e-01  -1.2010554e+00  -7.6542926e-01   7.4711652e-01   2.5417610e-01   1.8108641e+00  -2.1179935e+00   1.4624565e+00  -1.3414938e+00  -1.7961362e+00   1.1111607e+00  -7.7003645e-01   1.8867902e+00   3.2268201e-01  -2.2565880e-01  -7.5968183e-01  -3.6867177e-01  -4.0122176e-01  -3.5241655e-02   2.8232360e-01   5.0586965e-01  -1.4159632e-01  -5.3911849e-01   4.1050781e-01  -5.4791802e-01   4.5103198e-03  -6.3484861e-01   1.2897363e+00  -8.3883166e-01   1.8895997e-01  -9.6658081e-01  -5.1105320e-01  -1.0761959e+00   3.4849648e-01   1.1054804e+00  -7.3178135e-01  -1.1178898e+00   4.8015125e-02  -4.5600597e-01   0.0000000e+00   2.2359326e+00   4.5859497e-02  -7.0160220e-01   4.6109950e-01  -5.3932001e-02  -2.4378493e-01  -6.9440377e-01   1.0120308e+00   8.5234169e-01  -4.4175977e-01   1.3295211e-01   4.0514609e-01   6.9586143e-01   4.0622128e-02   7.0820685e-01  -3.8961947e-03  -6.7914119e-01   6.0684856e-02  -3.5519474e-01   1.8774540e+00   1.0531379e+00   1.5695911e+00  -5.1115166e-01   2.1378033e+00  -1.4965565e+00  -2.4128030e-01  -2.1977316e+00   1.8411880e+00   1.3817227e+00   5.4220251e-01  -1.0016628e+00   1.0213781e+00  -8.5343195e-01   9.2497544e-01  -1.8029953e+00  -6.1778932e-01  -9.8300000e-01   1.5993202e+00   2.1715007e+00  -6.4887259e-02  -2.8827134e-01  -1.3090558e-01  -9.4331244e-01   1.1611442e+00   1.2872269e-02   3.3491408e-01   2.7885886e-01   7.8446979e-01   2.2359326e+00   0.0000000e+00   1.6678341e-01   7.7707426e-01  -1.7168976e+00   4.2941883e-01   1.0608028e+00  -1.3611880e+00   2.2919396e-01   1.8042949e+00  -1.9062283e-02   6.6748283e-01   1.9940184e+00  -9.1779255e-01  -6.8728533e-01   1.7853706e+00   1.5963934e+00  -2.5371279e+00   5.3892818e-01  -9.8436460e-01   1.1186628e+00  -1.0155351e+00   8.6126678e-01   1.1392326e+00  -1.0477733e+00   4.5400745e-02   4.1531275e-01   9.3302189e-02  -2.1719148e-01  -9.4658646e-02  -6.6608959e-01   9.4043729e-01  -1.5899737e-01  -1.2371381e+00   9.8209818e-02  -2.5986595e-01  -4.4408792e-01   1.0854149e+00   3.8390631e-02   2.6408916e-01   7.4462929e-01  -1.7906544e-01   1.6565315e+00   9.5268746e-02  -6.3646925e-01  -4.5576517e-02   7.3890904e-01   5.1166742e-01   1.4446503e+00   4.5859497e-02   1.6678341e-01   0.0000000e+00  -2.7886883e-02   4.5235822e-01  -1.0402115e-01  -1.0901502e+00   7.9253683e-01   1.6372709e+00   3.3594981e-02  -1.0124512e-01  -7.1018861e-01  -7.0900141e-01  -2.5073177e-01  -2.2831198e-01  -9.8118741e-01   5.0401376e-01   5.0826069e-01   1.6265924e+00   8.1541126e-01  -7.9742395e-01  -1.3845535e-01   9.0665209e-02  -7.9166351e-02   1.4150200e+00  -7.8816181e-01   4.1419560e-01  -1.2238273e+00   2.1984316e-01   1.0201023e+00  -2.3442127e-01  -2.6044065e-01   3.2793045e-01   7.4902113e-02   6.5827922e-01  -1.6889973e-01  -1.2865171e-01   7.4741566e-01   1.1905147e+00  -7.6645048e-01  -1.4827272e+00  -1.0872339e+00  -1.4564694e+00  -2.1507482e+00  -1.4161322e+00   4.6257394e-01   2.8185620e+00   1.0772203e-01  -5.0289236e-01  -7.0160220e-01   7.7707426e-01  -2.7886883e-02   0.0000000e+00   4.7433706e-01   8.3559258e-01  -9.8595589e-01   4.1452510e-01   1.4390395e+00   1.0472367e+00   1.2632934e+00  -4.1137309e-01  -2.0437485e-01   5.2415276e-01   1.3383306e+00  -1.8121466e-01   5.0379758e-01   7.9125190e-01   4.4539125e-01  -8.2054906e-01  -5.2865686e-01   8.3369207e-01  -3.4581970e-01   1.7180114e+00  -4.6234913e-01  -1.6913558e+00  -2.7828334e-01   8.7276291e-01   2.4041626e-01   8.9055873e-01   1.6759222e+00  -8.7643335e-01   9.3213306e-01   1.8327294e-01   2.0476904e-01  -1.0638376e+00  -1.1934958e+00  -1.3055288e+00   2.1087642e-01  -6.6694081e-01   2.2639787e-01   1.5529516e+00  -1.8486068e+00  -8.2016798e-01   7.6786018e-01   7.0939816e-01  -1.1725149e-01  -8.6095300e-01   5.2812307e-01   4.6109950e-01  -1.7168976e+00   4.5235822e-01   4.7433706e-01   0.0000000e+00  -5.9277059e-01   7.2086201e-01  -1.3096589e+00   1.1378322e+00  -4.6222996e-01  -4.3658901e-01  -1.0009816e-01  -7.9736077e-01  -7.5526109e-01   3.1547945e-01   6.6919072e-01   1.0264359e+00  -6.5723161e-01  -5.4289110e-01  -1.1112927e+00  -1.0192851e-01   4.0739583e-01  -3.4752253e+00   1.3066165e+00  -3.7042423e-01   5.5840362e-01   9.7148096e-01  -1.5961555e+00  -4.1509863e-01   2.0889052e+00  -2.9695915e-01  -6.6994242e-01  -7.6552914e-01   3.1288420e-01   7.8432875e-01  -7.3454176e-01   5.8627426e-01   9.4462251e-01  -1.0583033e+00   6.9538223e-01  -2.0550973e+00  -9.6315735e-01   1.3306353e-01   7.7795202e-01   1.3922525e-01   7.7253094e-01  -1.0760442e+00  -2.8377883e-01  -7.4396440e-01  -5.3932001e-02   4.2941883e-01  -1.0402115e-01   8.3559258e-01  -5.9277059e-01   0.0000000e+00   1.9916649e-01   1.2904292e+00   5.2058581e-01  -8.4776476e-01   9.8962750e-01   2.0616220e+00  -2.2401439e-01  -7.6268084e-01  -8.5150810e-01  -1.6109280e-01   1.1257727e+00   1.2922305e+00  -1.5361727e-01   8.4993443e-02   5.3038115e-01   6.6943595e-01   1.0426146e+00  -4.7280754e-02   5.0652589e-01   3.6818945e-01  -2.9900829e-01   2.0385585e+00   2.6963366e-01  -3.7385548e-01   2.5508338e+00   7.3013243e-01  -1.4861016e+00   7.9922187e-01   6.3206086e-02  -5.0016946e-01   1.6728895e+00  -3.9592915e-01   1.4860919e+00   1.2389927e+00  -2.2217827e+00  -8.2657464e-01  -9.6791375e-01  -1.2673463e+00  -4.0915841e-03  -1.0575544e+00   2.8570063e-02   3.9429399e-01   4.1842919e-01  -2.4378493e-01   1.0608028e+00  -1.0901502e+00  -9.8595589e-01   7.2086201e-01   1.9916649e-01   0.0000000e+00  -1.2865089e-01  -5.4765584e-01  -1.5565221e+00  -7.2571345e-01   9.7119337e-01  -8.5413604e-01   1.5770523e+00  -9.2628299e-01   1.1593100e+00   1.4402574e+00  -1.1656869e+00  -1.7540352e+00   5.6050749e-01  -8.2164950e-01  -1.5352995e-02   6.7778853e-01  -1.0421525e-01  -1.1457634e+00  -1.8177760e+00  -6.9986100e-01  -7.4279824e-01  -6.3338423e-02  -1.7286272e-01  -3.1496275e-01  -6.0516315e-01  -1.4749731e-01  -9.8889156e-01   1.2219776e-01   6.3042327e-01   3.4092384e-01  -7.9985029e-01   1.1233974e-01   4.1858618e-01  -6.5950787e-01   9.1020054e-01   1.3292020e+00   1.6183102e+00  -6.0932122e-01  -1.3504201e+00  -8.9592882e-01  -1.0275855e+00   4.5053852e-01  -6.9440377e-01  -1.3611880e+00   7.9253683e-01   4.1452510e-01  -1.3096589e+00   1.2904292e+00  -1.2865089e-01   0.0000000e+00  -1.6349173e+00   3.4102476e-01   1.5493366e+00  -1.7239954e-01   3.5850376e-02   5.9475633e-01   8.1727107e-01   2.2890497e-01  -1.1939188e+00   5.5007113e-02   4.8749803e-01  -6.4312222e-01   1.0631428e+00  -1.3415555e+00  -1.8096478e-01  -1.1447324e+00  -8.7548589e-01   7.8455129e-01  -5.8403774e-01   1.3321101e+00  -5.0015775e-01  -1.7456000e+00  -2.3522121e+00   9.9081858e-01   5.0248945e-01   7.7141552e-01  -4.3217368e-02   9.2041343e-01   1.5941060e+00   1.7278562e+00  -2.2335349e+00  -1.0666233e+00   3.1036346e-02   1.6620781e+00  -5.5924828e-01   3.0085734e-01  -6.1028430e-01  -8.9555814e-01  -1.2448784e+00   5.0222458e-01   2.2545857e-01   1.0120308e+00   2.2919396e-01   1.6372709e+00   1.4390395e+00   1.1378322e+00   5.2058581e-01  -5.4765584e-01  -1.6349173e+00   0.0000000e+00   7.9760017e-01  -3.9378256e-01   8.8806631e-01   4.0785561e-01   8.7927938e-01  -2.4072834e-01   8.3608202e-01   1.9933182e-02   9.0741959e-01   9.2245342e-01   2.8153192e+00  -1.1518032e+00  -1.9501713e-02  -1.8999259e+00  -1.1765935e+00   6.9067794e-01  -9.8728403e-02  -1.7237917e+00  -1.0158911e+00   3.3543764e-01   3.7044630e-01  -2.5324332e+00   1.2988764e+00  -1.7513660e-01   9.8918537e-01   1.1379809e+00   9.5501598e-01   3.7047871e-01  -3.3797812e-01   1.7921594e-02  -1.4879277e+00  -3.5521406e-01  -9.3267885e-01  -2.0416947e-01   6.2057040e-01  -1.0169760e+00   5.8737454e-01   1.8434710e+00   6.6169264e-02   1.3197111e+00   8.5234169e-01   1.8042949e+00   3.3594981e-02   1.0472367e+00  -4.6222996e-01  -8.4776476e-01  -1.5565221e+00   3.4102476e-01   7.9760017e-01   0.0000000e+00  -1.4947544e-01   1.3924721e-01  -5.5029907e-01  -7.9550542e-01  -3.8179781e-01  -3.5022809e-01  -1.1876901e+00  -2.5567169e+00  -6.5016397e-01   6.1159494e-01  -1.7679348e-01  -2.8663841e-01   1.1515713e+00   3.4439048e-01  -2.1329476e-01  -1.8023165e+00  -1.2051322e+00  -1.8012081e+00  -5.4710862e-01  -4.2860432e-02  -2.9999227e+00  -7.6650487e-01   1.8281952e+00  -2.6830484e-01   1.8801283e+00  -1.8336425e+00   5.6711847e-01   8.0934507e-01  -1.2170529e+00   3.1293753e+00   5.4563256e-01   6.4361654e-02  -1.0939089e+00   1.7601235e+00  -3.4220338e-01  -5.4231374e-01  -9.4498146e-01  -1.1381155e+00  -2.4744255e-01  -4.4175977e-01  -1.9062283e-02  -1.0124512e-01   1.2632934e+00  -4.3658901e-01   9.8962750e-01  -7.2571345e-01   1.5493366e+00  -3.9378256e-01  -1.4947544e-01   0.0000000e+00   1.6186469e+00  -1.5540348e+00   1.2963157e+00  -5.7576660e-04  -5.9630241e-01   3.1070221e+00  -1.1640267e+00  -2.3286880e+00  -1.8759274e-01  -1.0107579e+00   1.6793243e+00  -1.0996264e+00  -7.6172220e-01  -1.5223594e+00  -4.9438686e-01  -4.7920206e-02   6.8692037e-01   1.1736415e-01   7.0372601e-01   6.3089228e-01  -1.1688092e+00  -5.4346339e-01  -7.5780709e-01  -4.1166653e-02  -8.7197854e-01  -1.4930148e+00   1.9077254e+00   2.9159068e-01   2.4179809e-01  -1.2566624e+00   3.9407841e-01   1.1570761e+00  -1.6026871e+00  -3.0356300e-01   3.6978503e-01   8.8385358e-02   5.5307735e-01  -1.2010554e+00   1.3295211e-01   6.6748283e-01  -7.1018861e-01  -4.1137309e-01  -1.0009816e-01   2.0616220e+00   9.7119337e-01  -1.7239954e-01   8.8806631e-01   1.3924721e-01   1.6186469e+00   0.0000000e+00  -1.4488751e+00   1.8280529e+00  -1.1066335e+00   8.2623013e-02   4.3483048e-01   3.4625007e-01   1.6334432e+00  -1.4243693e-01   1.4977624e-02   2.1343379e-01  -9.1531826e-01   5.8214150e-03  -1.9513621e+00  -1.9741274e+00   1.4870896e-01  -9.7354333e-01  -8.6233636e-01   3.0445512e-01   1.9206091e-01  -1.7855818e+00  -1.3959980e+00  -1.5084963e-01   1.9728706e+00   4.6649332e-01  -8.0447348e-02   1.3591805e+00   2.5775520e-01   2.9557484e-01   6.8602329e-01   2.2945663e+00  -7.6224251e-02   1.5919324e+00  -8.4937145e-01   1.7812633e+00   1.9418333e+00   6.9232876e-01  -7.6542926e-01   4.0514609e-01   1.9940184e+00  -7.0900141e-01  -2.0437485e-01  -7.9736077e-01  -2.2401439e-01  -8.5413604e-01   3.5850376e-02   4.0785561e-01  -5.5029907e-01  -1.5540348e+00  -1.4488751e+00   0.0000000e+00   1.2262117e+00   4.3369275e-01  -3.5101568e-01   6.0685886e-02  -2.2562813e-01  -3.1357637e+00   7.6830820e-01   4.8660134e-01   1.1239887e+00  -1.4115782e-01  -6.0694228e-01  -1.3454280e+00  -3.2751197e-02   1.9528044e+00  -7.6782057e-01  -7.5863510e-01   1.3387779e-01   4.0080085e-01   1.2997574e+00   3.2504938e-01   2.1106984e+00  -2.0135541e-01  -9.3797280e-01   1.3282350e-01  -2.1229193e-02  -1.3846602e+00  -4.6775263e-01  -3.9690799e-02  -1.7468387e+00   3.9992228e-01   1.1250653e-02  -3.1114703e-01   8.2892545e-01   7.1162589e-01   9.3864018e-01   7.4711652e-01   6.9586143e-01  -9.1779255e-01  -2.5073177e-01   5.2415276e-01  -7.5526109e-01  -7.6268084e-01   1.5770523e+00   5.9475633e-01   8.7927938e-01  -7.9550542e-01   1.2963157e+00   1.8280529e+00   1.2262117e+00   0.0000000e+00   1.9121420e+00  -1.0301027e+00   5.6988375e-01  -1.8127778e+00   3.2294752e-02  -7.7197521e-01  -9.9110607e-01   2.6284373e-01  -1.8056489e+00   5.5370947e-02   1.8995185e+00  -4.9301769e-01  -9.6665762e-02   6.2364135e-01   1.0236069e-01   2.9532459e-01   1.1311764e+00   6.2573825e-02  -7.7639118e-01   3.6427442e-01   2.0519822e+00  -7.5054972e-01  -1.0237104e+00  -8.9109577e-01   7.4098998e-01  -5.9091413e-01  -1.2181403e-02   4.2482134e-01  -1.7892069e+00  -1.5136589e+00  -9.4331775e-01  -1.5782238e-01  -1.2635279e+00  -9.0657398e-02   2.5417610e-01   4.0622128e-02  -6.8728533e-01  -2.2831198e-01   1.3383306e+00   3.1547945e-01  -8.5150810e-01  -9.2628299e-01   8.1727107e-01  -2.4072834e-01  -3.8179781e-01  -5.7576660e-04  -1.1066335e+00   4.3369275e-01   1.9121420e+00   0.0000000e+00  -1.5530166e+00  -1.8807181e+00   2.7393193e+00  -7.4308557e-01  -1.1572072e+00  -6.6991873e-01  -9.7280764e-01  -1.3230385e+00   1.1039046e+00   5.3993205e-01  -9.8678749e-01  -1.4093574e+00  -3.9626690e-01   2.0637574e-02   1.2088186e+00  -1.2548054e+00   3.6626406e-01   2.6515454e-01  -1.3303262e-01   6.0045633e-01   7.1313134e-01  -1.4556147e-01  -1.6266516e+00   1.8013800e+00  -1.1611968e+00   3.5839748e-01  -2.2203506e+00  -1.3636168e-01  -8.7556923e-01  -6.2873283e-01   6.2675381e-01   5.5878040e-01  -9.2962847e-01   1.8108641e+00   7.0820685e-01   1.7853706e+00  -9.8118741e-01  -1.8121466e-01   6.6919072e-01  -1.6109280e-01   1.1593100e+00   2.2890497e-01   8.3608202e-01  -3.5022809e-01  -5.9630241e-01   8.2623013e-02  -3.5101568e-01  -1.0301027e+00  -1.5530166e+00   0.0000000e+00  -4.9297655e-01  -1.2877207e-02   1.9011439e+00   1.8055838e+00   1.4660733e+00   8.7561370e-01  -1.1999379e+00  -9.4218255e-01  -8.6150524e-01   2.2014314e+00  -6.2987247e-01   1.4288692e+00  -1.7098259e+00  -4.3590555e-01   1.6923896e+00   2.4295753e+00  -6.8264159e-01   3.0118457e-03  -2.6645967e-01   7.7567346e-02  -3.6033142e-01  -1.2728328e-05  -1.3304745e+00  -1.2396167e+00   2.1537973e+00   2.1326316e+00   5.3634336e-01  -5.7941005e-01  -1.8535683e+00   4.8365239e-01   6.1468349e-01  -8.1823910e-01  -2.1179935e+00  -3.8961947e-03   1.5963934e+00   5.0401376e-01   5.0379758e-01   1.0264359e+00   1.1257727e+00   1.4402574e+00  -1.1939188e+00   1.9933182e-02  -1.1876901e+00   3.1070221e+00   4.3483048e-01   6.0685886e-02   5.6988375e-01  -1.8807181e+00  -4.9297655e-01   0.0000000e+00   1.8831558e-01   9.6853689e-01  -5.3279299e-01   6.8733948e-02  -2.9937772e-01   4.5179813e-02  -1.2966898e+00   7.5013864e-01  -3.0633163e-01  -1.1767526e+00  -4.7979198e-01   1.3297533e+00   2.5600096e-02  -2.3015422e+00   1.5747109e-01  -5.8368762e-01  -5.3769377e-02   1.3038061e-01  -1.1350582e-01   1.2477272e+00   7.8189652e-01  -4.9559422e-01   1.8866863e+00  -4.6226080e-01  -1.1942089e+00  -5.6159993e-01  -3.1073172e-01  -1.1112956e-01  -1.0062322e+00   1.2274310e+00  -3.0330439e+00   1.4624565e+00  -6.7914119e-01  -2.5371279e+00   5.0826069e-01   7.9125190e-01  -6.5723161e-01   1.2922305e+00  -1.1656869e+00   5.5007113e-02   9.0741959e-01  -2.5567169e+00  -1.1640267e+00   3.4625007e-01  -2.2562813e-01  -1.8127778e+00   2.7393193e+00  -1.2877207e-02   1.8831558e-01   0.0000000e+00  -1.4608448e+00  -1.1804173e-01   1.2362895e-01  -3.2296690e-01  -1.1951554e+00  -6.0286748e-02  -7.1158696e-01   3.1564628e-02   1.2942166e+00   8.3443803e-01   1.2136967e-01   4.4253920e-01  -3.3597450e-02   1.6242222e-01   6.0530895e-01  -1.6816122e-01   2.6288802e-01   1.7170337e+00   8.7918764e-01   2.4626547e+00   2.1802104e-01   5.6864775e-01   1.6814840e+00   2.0049078e+00   1.4566320e-01   9.7876709e-01  -6.1402478e-01   1.5180971e+00   2.7430719e-01   4.3827391e-01  -1.3414938e+00   6.0684856e-02   5.3892818e-01   1.6265924e+00   4.4539125e-01  -5.4289110e-01  -1.5361727e-01  -1.7540352e+00   4.8749803e-01   9.2245342e-01  -6.5016397e-01  -2.3286880e+00   1.6334432e+00  -3.1357637e+00   3.2294752e-02  -7.4308557e-01   1.9011439e+00   9.6853689e-01  -1.4608448e+00   0.0000000e+00  -9.8855814e-01  -1.2905512e+00  -1.0374347e+00  -1.6544195e-01  -8.4143417e-02  -3.3590354e-02  -2.8214852e-01   3.8357835e-02  -6.6800896e-01   6.9236295e-01   1.0127484e-02  -3.5456465e-01  -2.1750052e+00  -4.2879003e-01   2.2463334e-01   1.4152689e+00  -2.7361298e+00  -1.2319797e-01   1.4353631e+00  -6.7197952e-01   1.0626304e+00   2.2698259e+00  -1.4121801e+00  -1.9082630e-01  -1.2488641e+00   2.0468003e+00  -9.1615569e-02   1.2037033e+00   1.0986429e+00  -1.7961362e+00  -3.5519474e-01  -9.8436460e-01   8.1541126e-01  -8.2054906e-01  -1.1112927e+00   8.4993443e-02   5.6050749e-01  -6.4312222e-01   2.8153192e+00   6.1159494e-01  -1.8759274e-01  -1.4243693e-01   7.6830820e-01  -7.7197521e-01  -1.1572072e+00   1.8055838e+00  -5.3279299e-01  -1.1804173e-01  -9.8855814e-01   0.0000000e+00  -1.1763361e+00   7.1889565e-01  -3.5265743e-01  -1.6784436e-01  -1.2741527e+00  -7.5218474e-01   4.6157754e-01  -8.0038488e-01  -1.5030580e+00  -6.3011499e-01  -1.5444408e+00  -1.2952814e+00  -2.7487821e-01  -5.2613297e-01  -1.1023511e-01  -2.2649150e-03   9.9854089e-02   8.0834219e-02  -5.6670753e-01  -1.3145348e+00   3.9448946e-01   5.2855044e-01   9.5672411e-01   1.8051425e-01  -7.8546299e-02   9.6910499e-01  -2.2493637e+00  -1.8274219e+00   1.1111607e+00   1.8774540e+00   1.1186628e+00  -7.9742395e-01  -5.2865686e-01  -1.0192851e-01   5.3038115e-01  -8.2164950e-01   1.0631428e+00  -1.1518032e+00  -1.7679348e-01  -1.0107579e+00   1.4977624e-02   4.8660134e-01  -9.9110607e-01  -6.6991873e-01   1.4660733e+00   6.8733948e-02   1.2362895e-01  -1.2905512e+00  -1.1763361e+00   0.0000000e+00  -6.1534644e-01  -5.5236266e-01   1.2704784e+00   7.2951488e-01   1.1635491e-01   1.7421624e+00   6.4722935e-02  -1.0228462e-01   1.1830436e+00   3.7262972e-01   1.8618007e+00   3.1526928e-01  -6.0991963e-01  -4.3941736e-01  -9.8909143e-01   7.4588270e-01  -4.8893109e-01   9.9327066e-01   6.3342391e-01  -4.1144993e-01   4.4568479e-01   1.2525597e+00  -6.3195038e-01  -1.8897400e-01  -6.0033543e-01  -1.3342192e+00  -1.7693880e+00  -7.7003645e-01   1.0531379e+00  -1.0155351e+00  -1.3845535e-01   8.3369207e-01   4.0739583e-01   6.6943595e-01  -1.5352995e-02  -1.3415555e+00  -1.9501713e-02  -2.8663841e-01   1.6793243e+00   2.1343379e-01   1.1239887e+00   2.6284373e-01  -9.7280764e-01   8.7561370e-01  -2.9937772e-01  -3.2296690e-01  -1.0374347e+00   7.1889565e-01  -6.1534644e-01   0.0000000e+00
