 0.00000000e+00 -1.15336842e-01 -3.90766397e-01 1.88363322e+00 -4.48383723e-01 -1.14230530e+00 -1.74868156e-01 4.49470629e-01 9.53876713e-01 3.23796047e-01 1.88509242e+00 1.32882956e+00 1.55623084e+00 2.06681763e+00 -8.38921374e-01 5.82473709e-01 -9.22476664e-02 3.18593085e+00 -9.22143221e-01 1.92817811e+00 1.94604305e+00 1.44283605e+00 3.51094542e-01 -4.23733738e-01 -5.64802995e-01 -1.65069141e-01 2.49635991e-01 -1.10232519e+00 4.59821240e-01 5.49472156e-01 1.12765806e+00 -5.01250257e-01 -3.21088922e-01 2.32199364e-01 2.36367419e-01 6.28252106e-01 1.20507323e+00 1.43940000e+00 -1.30277941e+00 -3.86005226e-01 -1.22173087e+00 2.47287939e+00 -1.60883958e+00 2.09212389e-01 2.50085175e-01 -5.69459523e-01 -2.48261891e-01 3.25436066e-03 6.10499637e-01 -1.15336842e-01 0.00000000e+00 9.55602018e-01 1.92584702e-01 5.17367920e-01 1.75755640e+00 -9.02803588e-01 4.24002412e-01 -6.99562144e-01 -1.18332900e+00 -6.23789984e-02 -4.95320560e-01 -1.31767765e+00 9.86563163e-01 -7.09696189e-01 2.95329761e+00 -1.82704862e+00 -3.95526737e-01 2.99199749e-01 2.61128879e-01 -1.22652137e+00 -4.88073372e-01 1.97222506e+00 1.38830442e+00 -2.31207481e-01 -3.26860734e-02 1.21569440e-01 6.90564566e-01 -1.67984483e-01 2.89217603e-01 -9.77559243e-01 -5.99757263e-01 -1.20687288e+00 -6.69674002e-01 -4.06796429e-01 -6.81298518e-01 8.13346924e-02 -1.25455620e+00 8.58760366e-01 -1.00189183e+00 9.95586155e-01 1.07371879e+00 2.47417465e-01 -3.27599335e-01 -6.36187334e-01 -7.03263897e-01 3.62532053e-01 7.19125236e-02 5.04198417e-02 -3.90766397e-01 9.55602018e-01 0.00000000e+00 -1.09734131e+00 -2.13292448e+00 -1.19524186e+00 -1.20228471e+00 -6.16504819e-01 -9.84934256e-01 -6.71651650e-02 -8.26497743e-01 -4.66603059e-01 -1.14692940e+00 -6.74827771e-01 6.15402113e-01 -9.46194087e-01 4.36099260e-02 7.33210212e-01 -8.46559755e-01 6.44536550e-01 4.75274430e-01 -3.56396951e-01 1.05304810e+00 -3.78393817e-01 3.32235553e-01 -4.38349108e-01 5.27319660e-02 -1.62341345e+00 9.56831551e-01 -2.20762539e-01 -1.57501873e-01 4.78819298e-01 -7.51596571e-01 -1.45535504e+00 -3.39570300e-01 3.33458091e-02 -1.25643607e+00 -7.33562644e-01 7.22468632e-01 -3.65725405e-01 1.13522081e+00 1.45091868e+00 -1.71342903e-01 -8.54507523e-01 -1.05843823e+00 -1.01859768e+00 1.62278420e+00 3.32899134e-01 -9.42663504e-01 1.88363322e+00 1.92584702e-01 -1.09734131e+00 0.00000000e+00 -2.37387756e-01 3.90035875e-01 1.52987543e+00 -4.48700105e-01 -1.83851252e+00 -3.61384608e-01 2.63517837e+00 -1.38130538e+00 -3.39540137e-01 9.67046774e-01 -1.09666769e+00 6.94389993e-01 9.03892662e-01 2.04779787e+00 5.58625053e-01 7.43174024e-01 -2.45171723e-01 9.86632377e-01 7.70954961e-01 -1.33138562e-01 -2.53150042e-01 1.19663394e+00 -2.35367348e-02 3.83982496e-01 -5.70941087e-01 1.14769354e+00 2.22716015e-02 3.54557512e-01 -1.26581047e-02 1.23007747e+00 -7.67680021e-01 6.33355492e-01 1.14814045e+00 4.04720867e-01 1.27701704e+00 1.53708371e-01 -3.06829259e-01 -5.88266942e-01 5.04123033e-01 2.83004765e-01 4.43661635e-01 -8.70694316e-01 -3.26947185e-01 -1.37629600e+00 9.54792266e-01 -4.48383723e-01 5.17367920e-01 -2.13292448e+00 -2.37387756e-01 0.00000000e+00 -9.97567165e-01 7.95526691e-01 1.27192427e+00 -1.97753125e-01 4.54116742e-01 -6.95240235e-01 -1.24408759e-01 -3.95009576e-01 8.17480839e-01 3.04289426e+00 1.62246550e+00 5.58862305e-01 -5.75628502e-01 8.49411433e-01 -6.07193851e-01 -1.40972398e+00 1.50361924e+00 -4.20278157e-01 -1.47177258e+00 1.97703572e-01 1.61151526e+00 -3.79864640e-01 7.15529951e-01 -1.08514044e+00 -7.52717767e-01 8.03026373e-01 6.01544643e-01 1.03304065e+00 -5.89787004e-01 -8.89530768e-01 -1.81848784e+00 2.09527124e-02 2.93269248e-01 -1.09672962e+00 -9.74841947e-01 9.53171333e-01 -7.48865993e-01 1.55656922e+00 -7.44794818e-01 4.84333028e-01 5.28692810e-01 9.52728043e-01 -1.36794768e+00 -2.38635204e-01 -1.14230530e+00 1.75755640e+00 -1.19524186e+00 3.90035875e-01 -9.97567165e-01 0.00000000e+00 1.66773680e-01 -8.41187490e-01 2.14938948e+00 -8.67975269e-02 -7.32273566e-01 -1.69541533e+00 -1.23934644e-01 -8.74158015e-01 3.10635954e-01 1.09914954e+00 -3.32363635e-01 1.25835761e+00 -7.09181691e-01 -4.16558514e-01 2.25666233e+00 1.02360669e+00 8.46867147e-02 -9.97994145e-01 1.82194475e-01 6.46023853e-01 -1.86684570e+00 -1.67693191e+00 -3.20232777e-01 -7.17704939e-01 -9.09601229e-01 -8.77112829e-01 4.08752554e-01 2.39705531e+00 -3.26030814e-01 -4.72372657e-01 7.03437014e-01 -7.58984024e-01 1.77794889e+00 -5.55816928e-01 6.56672221e-01 1.69181488e+00 -1.53325268e-01 -1.35701466e-01 -1.37009966e+00 5.48911036e-01 -2.47762010e-02 -4.46181726e-01 -5.29808564e-01 -1.74868156e-01 -9.02803588e-01 -1.20228471e+00 1.52987543e+00 7.95526691e-01 1.66773680e-01 0.00000000e+00 2.78289581e-01 3.12288541e-01 -1.11620655e+00 -2.47641524e+00 -1.32133871e-01 2.83606644e+00 1.60083453e+00 -8.67713848e-01 -7.87463311e-02 -1.86406796e+00 -1.94728646e+00 1.24725505e+00 2.39146145e+00 2.78904220e-01 1.39672166e+00 4.01033835e-02 1.19530165e-01 1.06386110e+00 -2.60548932e+00 3.53317170e-01 2.32812966e-01 1.76935361e-02 -1.01469672e+00 1.65484048e+00 -7.11021250e-01 -7.37979350e-01 -1.18949127e+00 -7.51988142e-01 -3.35694044e-01 3.32371327e-01 7.54822712e-01 -4.09161149e-01 -1.12572742e+00 -1.76225525e-02 -1.25138400e-01 -1.69622995e+00 -1.06457223e+00 -4.74701261e-01 -1.08036684e+00 -6.01170750e-02 -1.58977317e+00 7.87830327e-01 4.49470629e-01 4.24002412e-01 -6.16504819e-01 -4.48700105e-01 1.27192427e+00 -8.41187490e-01 2.78289581e-01 0.00000000e+00 2.87189341e-01 -1.91668921e+00 1.97766040e-01 -8.50151081e-01 7.19291789e-01 2.40477204e+00 4.88828502e-03 -9.90014566e-01 -1.28186285e-02 1.54626075e+00 -4.79024660e-01 -1.63131048e+00 -1.52821285e+00 -3.93897322e-01 7.83748998e-01 -6.30237460e-01 4.55360983e-01 1.63748005e-01 4.25188337e-02 -2.98453822e-02 1.52601175e+00 1.38800595e-01 3.34635295e-01 -4.92804475e-01 1.51187140e+00 -6.51176137e-01 3.61382174e-01 -1.26707773e+00 -1.55194734e-02 4.29250029e-01 -2.38849908e+00 8.69756781e-01 1.08490807e+00 1.98758137e-01 3.07911357e-01 4.83557107e-01 4.54692912e-01 1.38554689e+00 4.74029849e-01 8.25699521e-01 -1.24996966e+00 9.53876713e-01 -6.99562144e-01 -9.84934256e-01 -1.83851252e+00 -1.97753125e-01 2.14938948e+00 3.12288541e-01 2.87189341e-01 0.00000000e+00 -1.71875713e+00 -9.87047980e-01 -7.03122999e-01 -7.10218560e-01 5.18294398e-01 -1.58511738e+00 -4.45681455e-01 6.73074790e-01 7.45554998e-01 -7.17397027e-01 -1.72770768e-01 -1.50278974e+00 3.10717743e-01 -1.15018214e+00 2.01887561e-01 1.23019272e+00 5.47264800e-02 -1.39554010e+00 -1.35290820e+00 -1.49162624e+00 -1.60998369e+00 8.31790310e-02 -6.55714972e-01 3.25661049e-02 4.15864983e+00 5.61148315e-01 2.23624539e+00 -8.92682777e-01 -1.14533686e+00 -4.80854479e-01 -8.40022580e-01 9.73816856e-01 8.16994785e-01 5.29749684e-01 -1.28016383e+00 -1.54429972e+00 -7.83531395e-02 -7.60990410e-01 -9.20953580e-01 5.41099945e-01 3.23796047e-01 -1.18332900e+00 -6.71651650e-02 -3.61384608e-01 4.54116742e-01 -8.67975269e-02 -1.11620655e+00 -1.91668921e+00 -1.71875713e+00 0.00000000e+00 9.03635577e-02 2.42664117e+00 3.39185942e+00 1.14378166e+00 1.04470537e+00 1.67449316e-01 -6.95169657e-01 -1.22069505e-01 3.99653903e-02 -2.11350756e+00 2.05549875e-01 -5.50096222e-01 2.26469849e+00 5.90446113e-01 3.58281082e-01 -8.07898254e-01 -2.82603677e+00 1.19047086e+00 6.89977542e-01 -1.86005323e-01 -1.50338050e-02 2.71814602e-01 -9.59362440e-01 2.27622443e+00 -1.61221245e+00 5.09692427e-01 1.36990514e+00 1.04630106e+00 1.13727507e+00 4.55160417e-01 1.71157127e+00 2.01059480e+00 8.65525990e-01 1.18921971e+00 7.90788446e-01 -4.55537269e-01 -2.06856945e+00 -1.08606475e+00 -6.10690432e-01 1.88509242e+00 -6.23789984e-02 -8.26497743e-01 2.63517837e+00 -6.95240235e-01 -7.32273566e-01 -2.47641524e+00 1.97766040e-01 -9.87047980e-01 9.03635577e-02 0.00000000e+00 1.72838899e-02 9.07973966e-01 1.38820517e+00 -1.73153485e+00 6.78192281e-01 -1.81674901e+00 1.43228526e+00 3.96493354e-02 5.11994727e-01 -1.63238284e+00 -1.27901999e+00 -6.01145450e-01 1.75812502e+00 -6.40018216e-02 9.96675517e-01 1.73099756e-01 -4.32520392e-01 -4.21050361e-01 -8.05706146e-01 1.68903762e-01 1.07774877e+00 -1.14698054e+00 3.55174936e-01 1.25794427e-01 -8.76639687e-01 -3.06805023e-01 -6.57223676e-01 -6.04144709e-01 -1.47322447e+00 1.58501654e+00 4.89866137e-01 -5.33769567e-01 2.02702007e-01 4.81869213e-01 1.95298509e+00 -2.64470902e-01 -6.86916297e-01 -3.76766291e-01 1.32882956e+00 -4.95320560e-01 -4.66603059e-01 -1.38130538e+00 -1.24408759e-01 -1.69541533e+00 -1.32133871e-01 -8.50151081e-01 -7.03122999e-01 2.42664117e+00 1.72838899e-02 0.00000000e+00 -2.10046693e-01 -3.61976863e-01 5.77474256e-01 -3.68163058e-01 1.48187403e+00 -1.75293146e-01 2.25917380e-03 -8.94565946e-01 1.77154983e-01 5.66477681e-01 1.46053554e-02 -1.16065356e+00 7.28462078e-01 -3.03160034e-01 -2.22921724e-01 -5.80496964e-01 3.54997190e-01 -1.65944027e-01 -6.28805069e-01 5.15262201e-01 5.14402061e-01 -4.19383523e-01 -4.44570299e-01 6.25220599e-01 -2.06183672e-01 1.26804265e+00 -2.27587233e-01 1.95478555e-01 -1.71048974e-01 -2.27172340e-01 -1.28260460e+00 8.86859767e-01 -4.85396307e-01 1.93570037e+00 -1.31824945e+00 -1.29164416e-01 7.10708589e-01 1.55623084e+00 -1.31767765e+00 -1.14692940e+00 -3.39540137e-01 -3.95009576e-01 -1.23934644e-01 2.83606644e+00 7.19291789e-01 -7.10218560e-01 3.39185942e+00 9.07973966e-01 -2.10046693e-01 0.00000000e+00 -8.69155374e-01 2.10131656e+00 1.67064103e+00 -9.66846209e-01 -1.18450837e+00 5.00240142e-01 -7.29555311e-01 7.80148176e-01 5.59202619e-01 -9.57488351e-01 1.44275044e+00 -2.97316950e-01 3.71597715e-01 -6.49349576e-01 8.47714095e-01 5.57701485e-01 6.90664951e-01 -2.54260584e-01 -1.71395320e+00 1.05598141e+00 6.78407288e-02 1.38174300e-01 8.13995118e-01 -9.44241139e-01 -6.03570738e-01 -2.74478577e-01 1.40053023e+00 9.39053947e-01 7.66306509e-01 7.22413717e-01 -6.65406415e-01 -2.34912228e+00 -1.84395082e-01 3.64675354e-02 -7.12700862e-01 -6.21997391e-01 2.06681763e+00 9.86563163e-01 -6.74827771e-01 9.67046774e-01 8.17480839e-01 -8.74158015e-01 1.60083453e+00 2.40477204e+00 5.18294398e-01 1.14378166e+00 1.38820517e+00 -3.61976863e-01 -8.69155374e-01 0.00000000e+00 -6.53348450e-01 -2.77817727e-01 -1.05109495e+00 1.48246568e+00 -1.58146545e-01 -9.04532462e-01 -2.25064794e-01 8.50696461e-01 -8.51636087e-01 3.16297871e-01 1.11663213e+00 -2.30011364e-01 7.42033145e-01 -4.58786612e-01 6.99733976e-02 5.67100238e-01 -4.25603215e-01 -1.46977250e-01 4.21945281e-01 -7.43243584e-01 6.70089778e-01 -9.00304092e-01 -7.18519447e-01 -1.19221763e+00 -9.96676020e-02 4.36736886e-01 1.07128668e-01 -1.42599029e+00 -7.54374247e-01 1.54377610e-01 -8.36861677e-01 -4.00098343e-01 6.69922182e-01 4.56332283e-01 4.19479810e-01 -8.38921374e-01 -7.09696189e-01 6.15402113e-01 -1.09666769e+00 3.04289426e+00 3.10635954e-01 -8.67713848e-01 4.88828502e-03 -1.58511738e+00 1.04470537e+00 -1.73153485e+00 5.77474256e-01 2.10131656e+00 -6.53348450e-01 0.00000000e+00 1.26677429e+00 -1.28998157e+00 1.36554762e+00 -1.00397947e+00 9.65631295e-01 -1.34208851e+00 1.07195912e+00 5.77594136e-01 1.08983442e+00 -3.63153411e-01 5.62977356e-01 6.30073812e-01 -3.79193355e-01 -1.92509552e-01 -1.39504475e+00 -1.48471628e+00 4.62053743e-01 2.34595483e+00 -1.01486855e+00 8.57617841e-01 -3.35640373e-01 -2.01036886e-01 -7.89567412e-01 -5.53333371e-02 -1.35752251e+00 6.23854093e-01 1.25430996e+00 9.59646332e-01 -3.96212704e-01 -3.84631587e-02 -3.42077987e-01 4.56211900e-01 9.24424613e-01 -2.09862279e-01 5.82473709e-01 2.95329761e+00 -9.46194087e-01 6.94389993e-01 1.62246550e+00 1.09914954e+00 -7.87463311e-02 -9.90014566e-01 -4.45681455e-01 1.67449316e-01 6.78192281e-01 -3.68163058e-01 1.67064103e+00 -2.77817727e-01 1.26677429e+00 0.00000000e+00 1.04893911e+00 -7.53276349e-02 -5.63132669e-01 3.06177718e-01 5.59228608e-01 2.56760160e+00 -6.10247108e-01 -1.83861458e+00 -1.53250621e-01 -1.28549002e+00 1.13295576e+00 1.10629164e+00 7.56216315e-01 1.15473840e-01 -9.46886549e-01 9.11411170e-01 -6.19773795e-01 5.30538868e-01 -3.16368345e-01 4.35141531e-01 -1.50002204e+00 -2.45318626e-01 4.74821857e-01 3.11524782e-01 -8.93831863e-01 -6.30278145e-01 6.96610470e-02 -7.82655725e-01 -1.12376343e+00 1.19552628e+00 8.80475442e-01 -1.75605947e-01 5.16693067e-01 -9.22476664e-02 -1.82704862e+00 4.36099260e-02 9.03892662e-01 5.58862305e-01 -3.32363635e-01 -1.86406796e+00 -1.28186285e-02 6.73074790e-01 -6.95169657e-01 -1.81674901e+00 1.48187403e+00 -9.66846209e-01 -1.05109495e+00 -1.28998157e+00 1.04893911e+00 0.00000000e+00 -1.22927453e+00 1.58775598e+00 1.05052449e+00 -2.43505203e+00 1.91568727e+00 4.48028300e-02 -8.76009775e-01 -2.24598532e+00 8.99717680e-01 3.89810255e-02 -7.10159786e-01 7.49727788e-01 -6.01507186e-01 9.83409188e-01 1.58441373e+00 8.38071780e-02 -2.93201146e-01 5.98479636e-02 5.58602965e-01 -9.28304491e-02 2.49423611e-01 -5.41636730e-01 -1.21386092e+00 -5.39706730e-01 7.98537931e-01 -7.03349640e-01 -1.07220640e-01 -5.23366810e-01 1.35710792e+00 4.62695465e-02 -1.10524025e+00 1.09907054e+00 3.18593085e+00 -3.95526737e-01 7.33210212e-01 2.04779787e+00 -5.75628502e-01 1.25835761e+00 -1.94728646e+00 1.54626075e+00 7.45554998e-01 -1.22069505e-01 1.43228526e+00 -1.75293146e-01 -1.18450837e+00 1.48246568e+00 1.36554762e+00 -7.53276349e-02 -1.22927453e+00 0.00000000e+00 1.05930505e+00 -2.07225360e+00 -2.47242415e-01 7.66066705e-01 1.38814349e-02 -4.45887985e-01 1.19908563e-01 -1.02092971e+00 -7.27408719e-02 -4.22633521e-02 2.20544148e+00 -1.68168576e+00 -7.03556563e-01 7.10724653e-02 1.46767335e-01 -1.85636455e+00 2.04312942e-01 6.82689348e-01 -1.52313544e+00 1.10702167e+00 -5.45501294e-01 1.79174004e+00 -2.98537143e-01 -3.33181391e-01 -9.21233400e-01 -1.30204336e+00 -5.25653358e-01 -1.04967187e+00 6.13437290e-01 1.72190576e-02 -5.08282863e-01 -9.22143221e-01 2.99199749e-01 -8.46559755e-01 5.58625053e-01 8.49411433e-01 -7.09181691e-01 1.24725505e+00 -4.79024660e-01 -7.17397027e-01 3.99653903e-02 3.96493354e-02 2.25917380e-03 5.00240142e-01 -1.58146545e-01 -1.00397947e+00 -5.63132669e-01 1.58775598e+00 1.05930505e+00 0.00000000e+00 -1.72736343e+00 1.60651927e-01 1.91983410e-01 1.17161818e+00 -1.27391973e+00 5.23066712e-01 -4.33115155e-01 1.85152462e-01 -5.08718891e-01 -4.23956490e-01 -4.73373249e-01 1.17866360e-01 1.02353511e+00 1.10691468e-01 -1.69481363e+00 1.69637346e+00 -6.63024863e-02 -1.17136912e+00 8.84510166e-03 1.32694482e+00 -8.86243526e-01 -1.86211997e-01 3.84643765e-01 6.06030759e-01 -2.41375968e-01 4.48913927e-01 -8.93201130e-01 1.33473252e-01 1.00051712e+00 -3.70559882e-01 1.92817811e+00 2.61128879e-01 6.44536550e-01 7.43174024e-01 -6.07193851e-01 -4.16558514e-01 2.39146145e+00 -1.63131048e+00 -1.72770768e-01 -2.11350756e+00 5.11994727e-01 -8.94565946e-01 -7.29555311e-01 -9.04532462e-01 9.65631295e-01 3.06177718e-01 1.05052449e+00 -2.07225360e+00 -1.72736343e+00 0.00000000e+00 4.88698746e-01 -1.98520091e+00 -6.16939809e-01 5.32672453e-01 -1.81930608e+00 -2.82038044e-02 -1.75280569e+00 -1.83967619e-01 1.85977434e+00 6.42391705e-02 7.06745203e-01 -6.45473546e-01 4.64958736e-01 -1.99348701e+00 6.24369285e-01 1.65009121e+00 -3.21521155e-01 3.84339134e-01 -1.11784384e+00 2.29441646e+00 2.81976724e-01 2.47742137e-01 1.88113569e-01 4.36334651e-01 9.33063659e-01 6.77661396e-01 -5.88681500e-01 -1.84948687e-01 2.65063358e-01 1.94604305e+00 -1.22652137e+00 4.75274430e-01 -2.45171723e-01 -1.40972398e+00 2.25666233e+00 2.78904220e-01 -1.52821285e+00 -1.50278974e+00 2.05549875e-01 -1.63238284e+00 1.77154983e-01 7.80148176e-01 -2.25064794e-01 -1.34208851e+00 5.59228608e-01 -2.43505203e+00 -2.47242415e-01 1.60651927e-01 4.88698746e-01 0.00000000e+00 1.76449422e-01 -3.02304041e+00 -7.73718173e-01 2.04505957e+00 -8.46058035e-01 -1.82318430e+00 2.04352848e+00 -2.18645378e+00 6.32958345e-01 -1.81537874e+00 2.46852817e+00 1.93638934e-01 -1.42204565e+00 1.27917465e+00 -2.44203829e+00 -1.01646178e+00 -1.36084103e+00 7.56045345e-02 -2.11779701e+00 -1.28306931e+00 2.02136261e-01 2.88327613e-01 -9.92195993e-01 1.01330073e-01 6.95081849e-01 -1.13623601e-01 -9.56536030e-01 2.66622500e-01 1.44283605e+00 -4.88073372e-01 -3.56396951e-01 9.86632377e-01 1.50361924e+00 1.02360669e+00 1.39672166e+00 -3.93897322e-01 3.10717743e-01 -5.50096222e-01 -1.27901999e+00 5.66477681e-01 5.59202619e-01 8.50696461e-01 1.07195912e+00 2.56760160e+00 1.91568727e+00 7.66066705e-01 1.91983410e-01 -1.98520091e+00 1.76449422e-01 0.00000000e+00 6.59990216e-02 2.13466040e-01 -7.38616610e-01 1.37694910e+00 1.58567061e-01 3.55590609e-01 2.37151101e-02 1.02506561e+00 -4.08747417e-01 -5.75911671e-01 -2.74162208e-01 -3.19228190e-01 4.76821731e-01 -4.89643329e-01 1.32520638e+00 1.46984722e+00 -2.78025847e-01 1.75775569e+00 -2.27745228e-01 -4.97118463e-01 2.53666007e-01 -2.77683910e-01 9.31079516e-01 -1.67232356e+00 3.55204691e-01 1.33214295e+00 1.97220061e-01 3.51094542e-01 1.97222506e+00 1.05304810e+00 7.70954961e-01 -4.20278157e-01 8.46867147e-02 4.01033835e-02 7.83748998e-01 -1.15018214e+00 2.26469849e+00 -6.01145450e-01 1.46053554e-02 -9.57488351e-01 -8.51636087e-01 5.77594136e-01 -6.10247108e-01 4.48028300e-02 1.38814349e-02 1.17161818e+00 -6.16939809e-01 -3.02304041e+00 6.59990216e-02 0.00000000e+00 9.71570674e-01 -1.32765108e-01 -4.89897458e-01 -3.01570239e-01 6.81411708e-01 -6.00065329e-01 1.65423610e+00 6.11837265e-02 8.55809713e-01 2.92033940e-02 9.45908147e-01 1.35561583e-01 -2.37266906e-01 5.79046128e-01 -2.55221335e-01 4.91750710e-01 -8.46885251e-01 -7.45846491e-01 6.15186994e-01 -5.56566928e-01 -4.18468731e-01 -7.28267434e-01 3.47923123e-01 1.34152824e+00 -1.64241230e+00 1.02381364e+00 -4.23733738e-01 1.38830442e+00 -3.78393817e-01 -1.33138562e-01 -1.47177258e+00 -9.97994145e-01 1.19530165e-01 -6.30237460e-01 2.01887561e-01 5.90446113e-01 1.75812502e+00 -1.16065356e+00 1.44275044e+00 3.16297871e-01 1.08983442e+00 -1.83861458e+00 -8.76009775e-01 -4.45887985e-01 -1.27391973e+00 5.32672453e-01 -7.73718173e-01 2.13466040e-01 9.71570674e-01 0.00000000e+00 -2.40420861e-02 -1.29952444e+00 4.38490754e-01 -6.16832137e-01 3.84035456e-01 -9.28413513e-01 8.10486398e-01 -2.35262566e-01 1.47655916e+00 -1.69582594e+00 -1.03878238e-01 9.90199512e-01 8.72814180e-01 -9.50639473e-01 -6.43372673e-01 -4.13461774e-01 7.93367239e-01 8.45311072e-01 8.30154625e-01 9.77227969e-01 -3.38453063e-01 3.20924515e-01 -1.19227841e+00 2.61846777e-01 -1.30437608e-01 -5.64802995e-01 -2.31207481e-01 3.32235553e-01 -2.53150042e-01 1.97703572e-01 1.82194475e-01 1.06386110e+00 4.55360983e-01 1.23019272e+00 3.58281082e-01 -6.40018216e-02 7.28462078e-01 -2.97316950e-01 1.11663213e+00 -3.63153411e-01 -1.53250621e-01 -2.24598532e+00 1.19908563e-01 5.23066712e-01 -1.81930608e+00 2.04505957e+00 -7.38616610e-01 -1.32765108e-01 -2.40420861e-02 0.00000000e+00 8.54591131e-01 3.18205011e-01 3.09108013e-01 3.20090999e+00 -6.65470946e-02 3.40981956e+00 2.17911390e-01 -1.34910673e+00 1.94292962e-01 -1.32394189e+00 3.43775641e-01 3.31680702e+00 -1.33668308e-01 -5.79291820e-01 1.23484782e+00 9.89185616e-01 -1.28355666e+00 1.07219790e+00 -1.39585310e+00 5.62878107e-01 6.27082280e-01 2.12620336e-01 -3.54367218e-01 8.78177418e-02 -1.65069141e-01 -3.26860734e-02 -4.38349108e-01 1.19663394e+00 1.61151526e+00 6.46023853e-01 -2.60548932e+00 1.63748005e-01 5.47264800e-02 -8.07898254e-01 9.96675517e-01 -3.03160034e-01 3.71597715e-01 -2.30011364e-01 5.62977356e-01 -1.28549002e+00 8.99717680e-01 -1.02092971e+00 -4.33115155e-01 -2.82038044e-02 -8.46058035e-01 1.37694910e+00 -4.89897458e-01 -1.29952444e+00 8.54591131e-01 0.00000000e+00 -5.91770678e-01 9.21004135e-01 -8.06510476e-01 2.04026517e-01 -5.61906610e-01 -1.56848136e-01 -6.15140582e-01 9.24171311e-01 6.55917488e-01 8.13373706e-01 -2.07824505e-01 -2.05297452e+00 -3.78409769e-01 -2.94931282e+00 2.30581114e-01 -1.03055361e+00 -1.65494907e-01 -5.64360115e-01 -9.18995743e-01 -1.14690736e+00 3.40835675e-01 3.30460523e-01 -1.39852329e+00 2.49635991e-01 1.21569440e-01 5.27319660e-02 -2.35367348e-02 -3.79864640e-01 -1.86684570e+00 3.53317170e-01 4.25188337e-02 -1.39554010e+00 -2.82603677e+00 1.73099756e-01 -2.22921724e-01 -6.49349576e-01 7.42033145e-01 6.30073812e-01 1.13295576e+00 3.89810255e-02 -7.27408719e-02 1.85152462e-01 -1.75280569e+00 -1.82318430e+00 1.58567061e-01 -3.01570239e-01 4.38490754e-01 3.18205011e-01 -5.91770678e-01 0.00000000e+00 -4.17079021e-01 -2.46396024e+00 -3.27453362e-01 -7.72498015e-01 -3.42723410e-01 -3.87697381e-01 8.23764549e-01 -1.46257816e-01 8.30798266e-02 5.58885031e-01 -1.69406622e+00 7.83734949e-01 -1.07395283e+00 -2.08149762e-01 -1.01905969e+00 3.07365810e-02 1.11654405e+00 -2.16980595e-01 8.27714383e-01 -1.50877513e+00 -1.34826971e+00 -8.89116406e-01 -1.10232519e+00 6.90564566e-01 -1.62341345e+00 3.83982496e-01 7.15529951e-01 -1.67693191e+00 2.32812966e-01 -2.98453822e-02 -1.35290820e+00 1.19047086e+00 -4.32520392e-01 -5.80496964e-01 8.47714095e-01 -4.58786612e-01 -3.79193355e-01 1.10629164e+00 -7.10159786e-01 -4.22633521e-02 -5.08718891e-01 -1.83967619e-01 2.04352848e+00 3.55590609e-01 6.81411708e-01 -6.16832137e-01 3.09108013e-01 9.21004135e-01 -4.17079021e-01 0.00000000e+00 1.14087570e+00 4.24358795e-01 4.36544581e-01 -1.06240669e+00 -2.34657710e-01 1.51479429e-01 -5.52039731e-01 8.51595705e-01 -3.01884704e-01 -3.46941551e-01 -6.70509714e-01 2.88674097e-01 -5.41697361e-01 7.50970362e-02 -8.94337815e-01 1.12761981e+00 4.83951545e-02 9.58810754e-02 6.21447624e-01 -1.10195627e-02 2.36746863e-01 4.59821240e-01 -1.67984483e-01 9.56831551e-01 -5.70941087e-01 -1.08514044e+00 -3.20232777e-01 1.76935361e-02 1.52601175e+00 -1.49162624e+00 6.89977542e-01 -4.21050361e-01 3.54997190e-01 5.57701485e-01 6.99733976e-02 -1.92509552e-01 7.56216315e-01 7.49727788e-01 2.20544148e+00 -4.23956490e-01 1.85977434e+00 -2.18645378e+00 2.37151101e-02 -6.00065329e-01 3.84035456e-01 3.20090999e+00 -8.06510476e-01 -2.46396024e+00 1.14087570e+00 0.00000000e+00 -8.92862884e-01 -4.14432095e-01 -4.58977178e-01 6.80220269e-01 1.16066930e-01 5.22551445e-01 -1.24752214e+00 3.26415994e-01 -7.45459581e-01 1.68535820e+00 -1.38984601e+00 -1.98270063e+00 -1.48459493e+00 4.58198541e-01 5.64270303e-01 -1.82361937e+00 -5.75189358e-02 3.52231325e-01 8.96837903e-01 -2.40590022e-01 5.49472156e-01 2.89217603e-01 -2.20762539e-01 1.14769354e+00 -7.52717767e-01 -7.17704939e-01 -1.01469672e+00 1.38800595e-01 -1.60998369e+00 -1.86005323e-01 -8.05706146e-01 -1.65944027e-01 6.90664951e-01 5.67100238e-01 -1.39504475e+00 1.15473840e-01 -6.01507186e-01 -1.68168576e+00 -4.73373249e-01 6.42391705e-02 6.32958345e-01 1.02506561e+00 1.65423610e+00 -9.28413513e-01 -6.65470946e-02 2.04026517e-01 -3.27453362e-01 4.24358795e-01 -8.92862884e-01 0.00000000e+00 -2.01390152e+00 1.55756535e+00 -5.67805642e-01 -8.44954664e-01 -1.11875632e-01 -2.18587808e-01 -7.81843134e-01 -1.04684698e-01 1.19883168e-02 -6.63657478e-01 -3.10222605e-02 1.66243379e-01 -1.12635883e+00 9.36896813e-01 -2.04869200e-01 3.47572380e-01 -2.61878492e-01 -1.10707786e+00 -6.27617191e-01 1.12765806e+00 -9.77559243e-01 -1.57501873e-01 2.22716015e-02 8.03026373e-01 -9.09601229e-01 1.65484048e+00 3.34635295e-01 8.31790310e-02 -1.50338050e-02 1.68903762e-01 -6.28805069e-01 -2.54260584e-01 -4.25603215e-01 -1.48471628e+00 -9.46886549e-01 9.83409188e-01 -7.03556563e-01 1.17866360e-01 7.06745203e-01 -1.81537874e+00 -4.08747417e-01 6.11837265e-02 8.10486398e-01 3.40981956e+00 -5.61906610e-01 -7.72498015e-01 4.36544581e-01 -4.14432095e-01 -2.01390152e+00 0.00000000e+00 6.19022911e-01 2.06070196e-02 6.63059890e-01 8.40981440e-01 4.37666562e-01 6.35497638e-01 -9.38967358e-01 1.65894045e-01 -3.27869738e+00 -9.63794266e-01 2.02154681e+00 -6.63106265e-01 1.36608124e+00 -1.83264039e+00 -8.87263582e-02 -7.79638155e-02 5.61683422e-01 8.15010539e-01 -5.01250257e-01 -5.99757263e-01 4.78819298e-01 3.54557512e-01 6.01544643e-01 -8.77112829e-01 -7.11021250e-01 -4.92804475e-01 -6.55714972e-01 2.71814602e-01 1.07774877e+00 5.15262201e-01 -1.71395320e+00 -1.46977250e-01 4.62053743e-01 9.11411170e-01 1.58441373e+00 7.10724653e-02 1.02353511e+00 -6.45473546e-01 2.46852817e+00 -5.75911671e-01 8.55809713e-01 -2.35262566e-01 2.17911390e-01 -1.56848136e-01 -3.42723410e-01 -1.06240669e+00 -4.58977178e-01 1.55756535e+00 6.19022911e-01 0.00000000e+00 4.88870274e-01 -6.45675565e-01 1.12116146e-01 -1.91405822e+00 2.07450703e-01 1.90176016e-01 -8.08417169e-02 6.79629202e-01 -4.81575364e-01 3.17872158e-01 4.28250727e-02 5.74722696e-01 -5.97097349e-01 -2.90704900e-01 -5.43859661e-01 -1.26802348e-01 2.64348934e-01 -3.21088922e-01 -1.20687288e+00 -7.51596571e-01 -1.26581047e-02 1.03304065e+00 4.08752554e-01 -7.37979350e-01 1.51187140e+00 3.25661049e-02 -9.59362440e-01 -1.14698054e+00 5.14402061e-01 1.05598141e+00 4.21945281e-01 2.34595483e+00 -6.19773795e-01 8.38071780e-02 1.46767335e-01 1.10691468e-01 4.64958736e-01 1.93638934e-01 -2.74162208e-01 2.92033940e-02 1.47655916e+00 -1.34910673e+00 -6.15140582e-01 -3.87697381e-01 -2.34657710e-01 6.80220269e-01 -5.67805642e-01 2.06070196e-02 4.88870274e-01 0.00000000e+00 1.40256813e+00 -4.65509007e-01 4.78390085e-02 4.92619308e-01 3.88883464e-01 6.06684298e-01 -1.71458715e+00 4.61738128e-01 -7.19692744e-01 -5.74190958e-01 5.76916442e-01 1.30533012e-01 1.66353866e+00 1.48840598e-01 -1.12441479e-01 1.84364788e+00 2.32199364e-01 -6.69674002e-01 -1.45535504e+00 1.23007747e+00 -5.89787004e-01 2.39705531e+00 -1.18949127e+00 -6.51176137e-01 4.15864983e+00 2.27622443e+00 3.55174936e-01 -4.19383523e-01 6.78407288e-02 -7.43243584e-01 -1.01486855e+00 5.30538868e-01 -2.93201146e-01 -1.85636455e+00 -1.69481363e+00 -1.99348701e+00 -1.42204565e+00 -3.19228190e-01 9.45908147e-01 -1.69582594e+00 1.94292962e-01 9.24171311e-01 8.23764549e-01 1.51479429e-01 1.16066930e-01 -8.44954664e-01 6.63059890e-01 -6.45675565e-01 1.40256813e+00 0.00000000e+00 1.96868358e-01 3.52548229e-01 -2.67224246e+00 6.93057210e-01 -1.11933658e-01 4.37666633e-01 -8.52550815e-01 -3.01151359e-01 1.85326363e-01 1.27313577e+00 8.45368798e-01 -8.42565754e-01 3.34519586e-01 -8.86038863e-01 -5.78223848e-01 2.36367419e-01 -4.06796429e-01 -3.39570300e-01 -7.67680021e-01 -8.89530768e-01 -3.26030814e-01 -7.51988142e-01 3.61382174e-01 5.61148315e-01 -1.61221245e+00 1.25794427e-01 -4.44570299e-01 1.38174300e-01 6.70089778e-01 8.57617841e-01 -3.16368345e-01 5.98479636e-02 2.04312942e-01 1.69637346e+00 6.24369285e-01 1.27917465e+00 4.76821731e-01 1.35561583e-01 -1.03878238e-01 -1.32394189e+00 6.55917488e-01 -1.46257816e-01 -5.52039731e-01 5.22551445e-01 -1.11875632e-01 8.40981440e-01 1.12116146e-01 -4.65509007e-01 1.96868358e-01 0.00000000e+00 -6.77300071e-01 1.22047482e+00 6.75512925e-01 4.37591631e-01 9.09579864e-01 8.52137465e-01 -6.95584201e-01 8.67298378e-01 5.36946015e-02 -9.93440145e-02 -8.05921175e-01 5.06691822e-01 -3.03722246e-01 -8.58288031e-01 6.28252106e-01 -6.81298518e-01 3.33458091e-02 6.33355492e-01 -1.81848784e+00 -4.72372657e-01 -3.35694044e-01 -1.26707773e+00 2.23624539e+00 5.09692427e-01 -8.76639687e-01 6.25220599e-01 8.13995118e-01 -9.00304092e-01 -3.35640373e-01 4.35141531e-01 5.58602965e-01 6.82689348e-01 -6.63024863e-02 1.65009121e+00 -2.44203829e+00 -4.89643329e-01 -2.37266906e-01 9.90199512e-01 3.43775641e-01 8.13373706e-01 8.30798266e-02 8.51595705e-01 -1.24752214e+00 -2.18587808e-01 4.37666562e-01 -1.91405822e+00 4.78390085e-02 3.52548229e-01 -6.77300071e-01 0.00000000e+00 1.39183112e-01 9.61519685e-01 6.38268251e-01 1.65567182e+00 -3.62473518e-01 -3.77433347e-01 -8.63484321e-01 -1.44575921e+00 5.08053625e-01 -5.47551940e-01 2.41789534e+00 -7.40355081e-01 -6.59772263e-01 1.20507323e+00 8.13346924e-02 -1.25643607e+00 1.14814045e+00 2.09527124e-02 7.03437014e-01 3.32371327e-01 -1.55194734e-02 -8.92682777e-01 1.36990514e+00 -3.06805023e-01 -2.06183672e-01 -9.44241139e-01 -7.18519447e-01 -2.01036886e-01 -1.50002204e+00 -9.28304491e-02 -1.52313544e+00 -1.17136912e+00 -3.21521155e-01 -1.01646178e+00 1.32520638e+00 5.79046128e-01 8.72814180e-01 3.31680702e+00 -2.07824505e-01 5.58885031e-01 -3.01884704e-01 3.26415994e-01 -7.81843134e-01 6.35497638e-01 2.07450703e-01 4.92619308e-01 -2.67224246e+00 1.22047482e+00 1.39183112e-01 0.00000000e+00 -1.79729059e+00 1.08748467e+00 -2.54820215e-03 -6.26524410e-01 -1.80455602e+00 -6.81858588e-02 -5.25636946e-01 1.78730296e+00 -1.40660377e+00 2.45353352e-01 -9.13618682e-01 6.75302598e-02 1.43940000e+00 -1.25455620e+00 -7.33562644e-01 4.04720867e-01 2.93269248e-01 -7.58984024e-01 7.54822712e-01 4.29250029e-01 -1.14533686e+00 1.04630106e+00 -6.57223676e-01 1.26804265e+00 -6.03570738e-01 -1.19221763e+00 -7.89567412e-01 -2.45318626e-01 2.49423611e-01 1.10702167e+00 8.84510166e-03 3.84339134e-01 -1.36084103e+00 1.46984722e+00 -2.55221335e-01 -9.50639473e-01 -1.33668308e-01 -2.05297452e+00 -1.69406622e+00 -3.46941551e-01 -7.45459581e-01 -1.04684698e-01 -9.38967358e-01 1.90176016e-01 3.88883464e-01 6.93057210e-01 6.75512925e-01 9.61519685e-01 -1.79729059e+00 0.00000000e+00 1.66583136e-03 -1.74166806e+00 7.46848326e-01 -8.11220853e-01 4.51746302e-01 -9.75024420e-01 -1.12732347e+00 -6.28150949e-01 -9.15426946e-01 1.38641818e+00 9.67610362e-01 -1.30277941e+00 8.58760366e-01 7.22468632e-01 1.27701704e+00 -1.09672962e+00 1.77794889e+00 -4.09161149e-01 -2.38849908e+00 -4.80854479e-01 1.13727507e+00 -6.04144709e-01 -2.27587233e-01 -2.74478577e-01 -9.96676020e-02 -5.53333371e-02 4.74821857e-01 -5.41636730e-01 -5.45501294e-01 1.32694482e+00 -1.11784384e+00 7.56045345e-02 -2.78025847e-01 4.91750710e-01 -6.43372673e-01 -5.79291820e-01 -3.78409769e-01 7.83734949e-01 -6.70509714e-01 1.68535820e+00 1.19883168e-02 1.65894045e-01 -8.08417169e-02 6.06684298e-01 -1.11933658e-01 4.37591631e-01 6.38268251e-01 1.08748467e+00 1.66583136e-03 0.00000000e+00 1.76485117e-01 1.68261108e+00 -1.54774708e-01 -1.22071041e+00 -1.69142930e-01 -5.26826537e-01 5.84834277e-01 -1.21559629e+00 1.01368612e+00 2.13881173e-01 -3.86005226e-01 -1.00189183e+00 -3.65725405e-01 1.53708371e-01 -9.74841947e-01 -5.55816928e-01 -1.12572742e+00 8.69756781e-01 -8.40022580e-01 4.55160417e-01 -1.47322447e+00 1.95478555e-01 1.40053023e+00 4.36736886e-01 -1.35752251e+00 3.11524782e-01 -1.21386092e+00 1.79174004e+00 -8.86243526e-01 2.29441646e+00 -2.11779701e+00 1.75775569e+00 -8.46885251e-01 -4.13461774e-01 1.23484782e+00 -2.94931282e+00 -1.07395283e+00 2.88674097e-01 -1.38984601e+00 -6.63657478e-01 -3.27869738e+00 6.79629202e-01 -1.71458715e+00 4.37666633e-01 9.09579864e-01 1.65567182e+00 -2.54820215e-03 -1.74166806e+00 1.76485117e-01 0.00000000e+00 -5.48503185e-01 -7.24884240e-01 6.06684037e-01 1.41449702e+00 -3.07437381e-01 7.92419415e-03 1.48300968e+00 -2.63434972e-01 2.13391084e-01 -1.22173087e+00 9.95586155e-01 1.13522081e+00 -3.06829259e-01 9.53171333e-01 6.56672221e-01 -1.76225525e-02 1.08490807e+00 9.73816856e-01 1.71157127e+00 1.58501654e+00 -1.71048974e-01 9.39053947e-01 1.07128668e-01 6.23854093e-01 -8.93831863e-01 -5.39706730e-01 -2.98537143e-01 -1.86211997e-01 2.81976724e-01 -1.28306931e+00 -2.27745228e-01 -7.45846491e-01 7.93367239e-01 9.89185616e-01 2.30581114e-01 -2.08149762e-01 -5.41697361e-01 -1.98270063e+00 -3.10222605e-02 -9.63794266e-01 -4.81575364e-01 4.61738128e-01 -8.52550815e-01 8.52137465e-01 -3.62473518e-01 -6.26524410e-01 7.46848326e-01 1.68261108e+00 -5.48503185e-01 0.00000000e+00 -8.95872346e-01 -4.45575824e-01 2.37816859e-01 -9.61653257e-02 -1.00361492e+00 -2.21339969e-01 -2.60586728e+00 3.74398143e+00 2.47287939e+00 1.07371879e+00 1.45091868e+00 -5.88266942e-01 -7.48865993e-01 1.69181488e+00 -1.25138400e-01 1.98758137e-01 8.16994785e-01 2.01059480e+00 4.89866137e-01 -2.27172340e-01 7.66306509e-01 -1.42599029e+00 1.25430996e+00 -6.30278145e-01 7.98537931e-01 -3.33181391e-01 3.84643765e-01 2.47742137e-01 2.02136261e-01 -4.97118463e-01 6.15186994e-01 8.45311072e-01 -1.28355666e+00 -1.03055361e+00 -1.01905969e+00 7.50970362e-02 -1.48459493e+00 1.66243379e-01 2.02154681e+00 3.17872158e-01 -7.19692744e-01 -3.01151359e-01 -6.95584201e-01 -3.77433347e-01 -1.80455602e+00 -8.11220853e-01 -1.54774708e-01 -7.24884240e-01 -8.95872346e-01 0.00000000e+00 6.18632821e-01 2.02125655e-01 2.00719817e+00 7.96526891e-01 -1.95029272e-01 -3.56658128e-01 -1.70471466e-01 -1.60883958e+00 2.47417465e-01 -1.71342903e-01 5.04123033e-01 1.55656922e+00 -1.53325268e-01 -1.69622995e+00 3.07911357e-01 5.29749684e-01 8.65525990e-01 -5.33769567e-01 -1.28260460e+00 7.22413717e-01 -7.54374247e-01 9.59646332e-01 6.96610470e-02 -7.03349640e-01 -9.21233400e-01 6.06030759e-01 1.88113569e-01 2.88327613e-01 2.53666007e-01 -5.56566928e-01 8.30154625e-01 1.07219790e+00 -1.65494907e-01 3.07365810e-02 -8.94337815e-01 4.58198541e-01 -1.12635883e+00 -6.63106265e-01 4.28250727e-02 -5.74190958e-01 1.85326363e-01 8.67298378e-01 -8.63484321e-01 -6.81858588e-02 4.51746302e-01 -1.22071041e+00 6.06684037e-01 -4.45575824e-01 6.18632821e-01 0.00000000e+00 1.21434288e-01 -1.05393419e+00 -1.62523352e-01 -8.12562042e-01 -9.29306790e-01 2.54850204e-01 2.09212389e-01 -3.27599335e-01 -8.54507523e-01 2.83004765e-01 -7.44794818e-01 -1.35701466e-01 -1.06457223e+00 4.83557107e-01 -1.28016383e+00 1.18921971e+00 2.02702007e-01 8.86859767e-01 -6.65406415e-01 1.54377610e-01 -3.96212704e-01 -7.82655725e-01 -1.07220640e-01 -1.30204336e+00 -2.41375968e-01 4.36334651e-01 -9.92195993e-01 -2.77683910e-01 -4.18468731e-01 9.77227969e-01 -1.39585310e+00 -5.64360115e-01 1.11654405e+00 1.12761981e+00 5.64270303e-01 9.36896813e-01 1.36608124e+00 5.74722696e-01 5.76916442e-01 1.27313577e+00 5.36946015e-02 -1.44575921e+00 -5.25636946e-01 -9.75024420e-01 -1.69142930e-01 1.41449702e+00 2.37816859e-01 2.02125655e-01 1.21434288e-01 0.00000000e+00 1.10759220e+00 7.29104934e-01 -3.91728317e-01 -3.85831255e-01 1.07024709e+00 2.50085175e-01 -6.36187334e-01 -1.05843823e+00 4.43661635e-01 4.84333028e-01 -1.37009966e+00 -4.74701261e-01 4.54692912e-01 -1.54429972e+00 7.90788446e-01 4.81869213e-01 -4.85396307e-01 -2.34912228e+00 -8.36861677e-01 -3.84631587e-02 -1.12376343e+00 -5.23366810e-01 -5.25653358e-01 4.48913927e-01 9.33063659e-01 1.01330073e-01 9.31079516e-01 -7.28267434e-01 -3.38453063e-01 5.62878107e-01 -9.18995743e-01 -2.16980595e-01 4.83951545e-02 -1.82361937e+00 -2.04869200e-01 -1.83264039e+00 -5.97097349e-01 1.30533012e-01 8.45368798e-01 -9.93440145e-02 5.08053625e-01 1.78730296e+00 -1.12732347e+00 -5.26826537e-01 -3.07437381e-01 -9.61653257e-02 2.00719817e+00 -1.05393419e+00 1.10759220e+00 0.00000000e+00 -8.73334878e-01 -5.76336230e-01 -1.28511923e+00 3.07983612e-01 -5.69459523e-01 -7.03263897e-01 -1.01859768e+00 -8.70694316e-01 5.28692810e-01 5.48911036e-01 -1.08036684e+00 1.38554689e+00 -7.83531395e-02 -4.55537269e-01 1.95298509e+00 1.93570037e+00 -1.84395082e-01 -4.00098343e-01 -3.42077987e-01 1.19552628e+00 1.35710792e+00 -1.04967187e+00 -8.93201130e-01 6.77661396e-01 6.95081849e-01 -1.67232356e+00 3.47923123e-01 3.20924515e-01 6.27082280e-01 -1.14690736e+00 8.27714383e-01 9.58810754e-02 -5.75189358e-02 3.47572380e-01 -8.87263582e-02 -2.90704900e-01 1.66353866e+00 -8.42565754e-01 -8.05921175e-01 -5.47551940e-01 -1.40660377e+00 -6.28150949e-01 5.84834277e-01 7.92419415e-03 -1.00361492e+00 7.96526891e-01 -1.62523352e-01 7.29104934e-01 -8.73334878e-01 0.00000000e+00 5.55421911e-01 -9.44417594e-01 -7.47986104e-01 -2.48261891e-01 3.62532053e-01 1.62278420e+00 -3.26947185e-01 9.52728043e-01 -2.47762010e-02 -6.01170750e-02 4.74029849e-01 -7.60990410e-01 -2.06856945e+00 -2.64470902e-01 -1.31824945e+00 3.64675354e-02 6.69922182e-01 4.56211900e-01 8.80475442e-01 4.62695465e-02 6.13437290e-01 1.33473252e-01 -5.88681500e-01 -1.13623601e-01 3.55204691e-01 1.34152824e+00 -1.19227841e+00 2.12620336e-01 3.40835675e-01 -1.50877513e+00 6.21447624e-01 3.52231325e-01 -2.61878492e-01 -7.79638155e-02 -5.43859661e-01 1.48840598e-01 3.34519586e-01 5.06691822e-01 2.41789534e+00 2.45353352e-01 -9.15426946e-01 -1.21559629e+00 1.48300968e+00 -2.21339969e-01 -1.95029272e-01 -8.12562042e-01 -3.91728317e-01 -5.76336230e-01 5.55421911e-01 0.00000000e+00 -1.30191586e+00 1.02090081e+00 3.25436066e-03 7.19125236e-02 3.32899134e-01 -1.37629600e+00 -1.36794768e+00 -4.46181726e-01 -1.58977317e+00 8.25699521e-01 -9.20953580e-01 -1.08606475e+00 -6.86916297e-01 -1.29164416e-01 -7.12700862e-01 4.56332283e-01 9.24424613e-01 -1.75605947e-01 -1.10524025e+00 1.72190576e-02 1.00051712e+00 -1.84948687e-01 -9.56536030e-01 1.33214295e+00 -1.64241230e+00 2.61846777e-01 -3.54367218e-01 3.30460523e-01 -1.34826971e+00 -1.10195627e-02 8.96837903e-01 -1.10707786e+00 5.61683422e-01 -1.26802348e-01 -1.12441479e-01 -8.86038863e-01 -3.03722246e-01 -7.40355081e-01 -9.13618682e-01 1.38641818e+00 1.01368612e+00 -2.63434972e-01 -2.60586728e+00 -3.56658128e-01 -9.29306790e-01 -3.85831255e-01 -1.28511923e+00 -9.44417594e-01 -1.30191586e+00 0.00000000e+00 1.06035357e+00 6.10499637e-01 5.04198417e-02 -9.42663504e-01 9.54792266e-01 -2.38635204e-01 -5.29808564e-01 7.87830327e-01 -1.24996966e+00 5.41099945e-01 -6.10690432e-01 -3.76766291e-01 7.10708589e-01 -6.21997391e-01 4.19479810e-01 -2.09862279e-01 5.16693067e-01 1.09907054e+00 -5.08282863e-01 -3.70559882e-01 2.65063358e-01 2.66622500e-01 1.97220061e-01 1.02381364e+00 -1.30437608e-01 8.78177418e-02 -1.39852329e+00 -8.89116406e-01 2.36746863e-01 -2.40590022e-01 -6.27617191e-01 8.15010539e-01 2.64348934e-01 1.84364788e+00 -5.78223848e-01 -8.58288031e-01 -6.59772263e-01 6.75302598e-02 9.67610362e-01 2.13881173e-01 2.13391084e-01 3.74398143e+00 -1.70471466e-01 2.54850204e-01 1.07024709e+00 3.07983612e-01 -7.47986104e-01 1.02090081e+00 1.06035357e+00 0.00000000e+00
